3633.000000 5.7548e-05
3634.000000 5.96521e-05
3635.000000 6.17625e-05
3636.000000 6.38685e-05
3637.000000 6.59754e-05
3638.000000 6.80891e-05
3639.000000 7.01979e-05
3640.000000 7.23076e-05
3641.000000 7.44246e-05
3641.037598 7.45039e-05
3642.000000 7.75592e-05
3643.000000 8.07351e-05
3644.000000 8.39123e-05
3645.000000 8.70983e-05
3646.000000 9.02783e-05
3647.000000 9.34597e-05
3648.000000 9.66507e-05
3649.000000 9.98349e-05
3650.000000 0.00010302
3651.000000 0.000106207
3651.040039 0.000106335
3652.000000 0.000108848
3653.000000 0.000111457
3654.000000 0.000114067
3655.000000 0.000116689
3656.000000 0.000119301
3657.000000 0.000121915
3658.000000 0.000124541
3659.000000 0.000127157
3660.000000 0.000129774
3661.000000 0.000132392
3662.000000 0.000135023
3663.000000 0.000137643
3664.000000 0.000140265
3665.000000 0.0001429
3666.000000 0.000145524
3667.000000 0.000148149
3668.000000 0.000150775
3669.000000 0.000153415
3670.000000 0.000156044
3671.000000 0.000158673
3671.045166 0.000158793
3672.000000 0.000165447
3673.000000 0.000172405
3674.000000 0.000179366
3675.000000 0.00018633
3676.000000 0.000193313
3677.000000 0.000200283
3678.000000 0.000207256
3679.000000 0.000214251
3680.000000 0.00022123
3681.000000 0.000228212
3681.047852 0.000228546
3682.000000 0.000240081
3683.000000 0.000252222
3684.000000 0.000264347
3685.000000 0.000276477
3686.000000 0.000288638
3687.000000 0.000300779
3688.000000 0.000312925
3689.000000 0.000325104
3690.000000 0.000337261
3691.000000 0.000349423
3691.050293 0.000350035
3692.000000 0.000367889
3693.000000 0.000386729
3694.000000 0.000405545
3695.000000 0.000424369
3696.000000 0.000443239
3697.000000 0.00046208
3698.000000 0.000480928
3699.000000 0.000499784
3700.000000 0.000518693
3701.000000 0.000537566
3701.052979 0.000538566
3702.000000 0.000565422
3703.000000 0.000593843
3704.000000 0.000622227
3705.000000 0.000650622
3706.000000 0.000679028
3707.000000 0.000707508
3708.000000 0.00073594
3709.000000 0.000764383
3710.000000 0.000792907
3711.000000 0.000821376
3711.055664 0.000822961
3712.000000 0.000868822
3713.000000 0.000917405
3714.000000 0.000966092
3715.000000 0.00101472
3716.000000 0.00106337
3717.000000 0.00111203
3718.000000 0.00116082
3719.000000 0.00120953
3720.000000 0.00125826
3721.000000 0.00130712
3721.058105 0.00130995
3722.000000 0.00138848
3723.000000 0.00147188
3724.000000 0.00155531
3725.000000 0.00163892
3726.000000 0.00172243
3727.000000 0.00180597
3728.000000 0.00188971
3729.000000 0.00197332
3730.000000 0.00205697
3731.000000 0.00214066
3731.060791 0.00214576
3732.000000 0.00227876
3733.000000 0.00242025
3734.000000 0.00256178
3735.000000 0.00270362
3736.000000 0.00284528
3737.000000 0.002987
3738.000000 0.00312878
3739.000000 0.00327091
3740.000000 0.00341281
3741.000000 0.00355477
3741.063232 0.00356377
3742.000000 0.00379617
3743.000000 0.00404404
3744.000000 0.00429201
3745.000000 0.00454008
3746.000000 0.00478867
3747.000000 0.00503696
3748.000000 0.00528535
3749.000000 0.00553384
3750.000000 0.00578293
3751.000000 0.00603164
3751.065918 0.00604804
3752.000000 0.00648278
3753.000000 0.00694899
3754.000000 0.00741482
3755.000000 0.00788083
3756.000000 0.00834704
3757.000000 0.00881419
3758.000000 0.00928081
3759.000000 0.00974761
3760.000000 0.0102146
3761.000000 0.0106827
3761.068604 0.0107148
3762.000000 0.0115221
3763.000000 0.0123893
3764.000000 0.0132579
3765.000000 0.0141258
3766.000000 0.0149941
3767.000000 0.0158627
3768.000000 0.0167331
3769.000000 0.0176025
3770.000000 0.0184722
3771.000000 0.019344
3771.071045 0.0194058
3772.000000 0.0208186
3773.000000 0.0223401
3774.000000 0.0238622
3775.000000 0.025387
3776.000000 0.0269105
3777.000000 0.0284345
3778.000000 0.0299591
3779.000000 0.0314871
3780.000000 0.033013
3781.000000 0.0345396
3781.073730 0.0346524
3782.000000 0.0369618
3783.000000 0.0394529
3784.000000 0.041945
3785.000000 0.0444381
3786.000000 0.0469362
3787.000000 0.0494315
3788.000000 0.0519278
3789.000000 0.0544251
3790.000000 0.0569283
3791.000000 0.0594277
3791.076416 0.0596188
3792.000000 0.0628575
3793.000000 0.0663655
3794.000000 0.0698809
3795.000000 0.073392
3796.000000 0.0769044
3797.000000 0.0804252
3798.000000 0.0839408
3799.000000 0.0874577
3800.000000 0.090976
3801.000000 0.0945409
3801.078857 0.0948216
3802.000000 0.0984208
3803.000000 0.102332
3804.000000 0.106249
3805.000000 0.110179
3806.000000 0.114104
3807.000000 0.118035
3808.000000 0.12198
3809.000000 0.125919
3810.000000 0.129864
3811.000000 0.133812
3811.081543 0.134135
3812.000000 0.137057
3813.000000 0.14023
3814.000000 0.143406
3815.000000 0.146586
3816.000000 0.149783
3817.000000 0.152971
3818.000000 0.156162
3819.000000 0.159357
3820.000000 0.16257
3821.000000 0.165772
3821.083984 0.166041
3822.000000 0.167726
3823.000000 0.169582
3824.000000 0.171426
3825.000000 0.173272
3826.000000 0.17512
3827.000000 0.176985
3828.000000 0.178837
3829.000000 0.180691
3830.000000 0.182547
3831.000000 0.184421
3831.086670 0.184582
3832.000000 0.185298
3833.000000 0.186083
3834.000000 0.186869
3835.000000 0.187672
3836.000000 0.188459
3837.000000 0.189247
3838.000000 0.190036
3839.000000 0.190842
3840.000000 0.191633
3841.000000 0.192424
3841.089355 0.192497
3842.000000 0.192747
3843.000000 0.193005
3844.000000 0.193264
3845.000000 0.193522
3846.000000 0.193798
3847.000000 0.194057
3848.000000 0.194316
3849.000000 0.194576
3850.000000 0.194852
3851.000000 0.195112
3851.091797 0.195136
3852.000000 0.195237
3853.000000 0.195349
3854.000000 0.195478
3855.000000 0.19559
3856.000000 0.195702
3857.000000 0.195814
3858.000000 0.195943
3859.000000 0.196055
3860.000000 0.196167
3861.000000 0.196279
3861.094482 0.196291
3862.000000 0.196438
3863.000000 0.196584
3864.000000 0.196729
3865.000000 0.196875
3866.000000 0.197038
3867.000000 0.197184
3868.000000 0.19733
3869.000000 0.197493
3870.000000 0.197638
3871.000000 0.197784
3871.097168 0.197799
3872.000000 0.197978
3873.000000 0.198194
3874.000000 0.198393
3875.000000 0.198592
3876.000000 0.198792
3877.000000 0.199008
3878.000000 0.199208
3879.000000 0.199407
3880.000000 0.199607
3881.000000 0.199824
3881.099609 0.199844
3882.000000 0.200024
3883.000000 0.200224
3884.000000 0.200424
3885.000000 0.200642
3886.000000 0.200842
3887.000000 0.201043
3888.000000 0.201243
3889.000000 0.201461
3890.000000 0.201662
3891.000000 0.201863
3891.102295 0.201883
3892.000000 0.202024
3893.000000 0.202198
3894.000000 0.202354
3895.000000 0.202511
3896.000000 0.202668
3897.000000 0.202842
3898.000000 0.202999
3899.000000 0.203156
3900.000000 0.203312
3901.000000 0.203487
3901.104980 0.203503
3902.000000 0.203612
3903.000000 0.203733
3904.000000 0.203854
3905.000000 0.203993
3906.000000 0.204115
3907.000000 0.204236
3908.000000 0.204358
3909.000000 0.204497
3910.000000 0.204618
3911.000000 0.204739
3911.107422 0.204752
3912.000000 0.204835
3913.000000 0.204945
3914.000000 0.205037
3915.000000 0.205129
3916.000000 0.205222
3917.000000 0.205331
3918.000000 0.205424
3919.000000 0.205516
3920.000000 0.205608
3921.000000 0.205718
3921.110107 0.205728
3922.000000 0.205796
3923.000000 0.205872
3924.000000 0.205949
3925.000000 0.206043
3926.000000 0.206119
3927.000000 0.206196
3928.000000 0.206272
3929.000000 0.206366
3930.000000 0.206442
3931.000000 0.206518
3931.112793 0.206527
3932.000000 0.206586
3933.000000 0.20667
3934.000000 0.206736
3935.000000 0.206803
3936.000000 0.206869
3937.000000 0.206953
3938.000000 0.20702
3939.000000 0.207086
3940.000000 0.207152
3941.000000 0.207236
3941.115479 0.207244
3942.000000 0.207346
3943.000000 0.207463
3944.000000 0.207579
3945.000000 0.207713
3946.000000 0.20783
3947.000000 0.207946
3948.000000 0.208063
3949.000000 0.208197
3950.000000 0.208313
3951.000000 0.208429
3951.117920 0.208443
3952.000000 0.208568
3953.000000 0.208728
3954.000000 0.20887
3955.000000 0.209012
3956.000000 0.209154
3957.000000 0.209314
3958.000000 0.209456
3959.000000 0.209598
3960.000000 0.20974
3961.000000 0.209882
3961.120605 0.209902
3962.000000 0.210096
3963.000000 0.210299
3964.000000 0.210502
3965.000000 0.210705
3966.000000 0.210927
3967.000000 0.21113
3968.000000 0.211334
3969.000000 0.211538
3970.000000 0.21176
3971.000000 0.211963
3971.123291 0.211988
3972.000000 0.212215
3973.000000 0.212474
3974.000000 0.212751
3975.000000 0.213011
3976.000000 0.21327
3977.000000 0.21353
3978.000000 0.213808
3979.000000 0.214068
3980.000000 0.214328
3981.000000 0.214588
3981.125732 0.214623
3982.000000 0.21487
3983.000000 0.215135
3984.000000 0.215401
3985.000000 0.215666
3986.000000 0.215932
3987.000000 0.216216
3988.000000 0.216482
3989.000000 0.216748
3990.000000 0.217014
3991.000000 0.217299
3991.128418 0.217333
3992.000000 0.217584
3993.000000 0.217871
3994.000000 0.218159
3995.000000 0.218466
3996.000000 0.218754
3997.000000 0.219042
3998.000000 0.21933
3999.000000 0.219638
4000.000000 0.219926
4001.000000 0.220133
4001.131104 0.220161
4002.000000 0.220333
4003.000000 0.220531
4004.000000 0.220749
4005.000000 0.220947
4006.000000 0.221146
4007.000000 0.221344
4008.000000 0.221562
4009.000000 0.221761
4010.000000 0.221959
4011.000000 0.222158
4011.133545 0.222187
4012.000000 0.22235
4013.000000 0.222519
4014.000000 0.222689
4015.000000 0.222858
4016.000000 0.223047
4017.000000 0.223216
4018.000000 0.223386
4019.000000 0.223555
4020.000000 0.223725
4021.000000 0.223913
4021.136230 0.223936
4022.000000 0.22406
4023.000000 0.224203
4024.000000 0.224347
4025.000000 0.22451
4026.000000 0.224653
4027.000000 0.224796
4028.000000 0.22494
4029.000000 0.225103
4030.000000 0.225246
4031.000000 0.225404
4031.138916 0.225426
4032.000000 0.225537
4033.000000 0.225666
4034.000000 0.225814
4035.000000 0.225943
4036.000000 0.226072
4037.000000 0.226202
4038.000000 0.22635
4039.000000 0.226479
4040.000000 0.226609
4041.000000 0.226738
4041.141602 0.226756
4042.000000 0.22681
4043.000000 0.226892
4044.000000 0.226955
4045.000000 0.227018
4046.000000 0.22708
4047.000000 0.227163
4048.000000 0.227225
4049.000000 0.227288
4050.000000 0.227351
4051.000000 0.227433
4051.144043 0.227442
4052.000000 0.227473
4053.000000 0.22751
4054.000000 0.227547
4055.000000 0.227584
4056.000000 0.22764
4057.000000 0.227677
4058.000000 0.227714
4059.000000 0.227751
4060.000000 0.227807
4061.000000 0.227843
4061.146729 0.227849
4062.000000 0.227861
4063.000000 0.227874
4064.000000 0.227888
4065.000000 0.227922
4066.000000 0.227936
4067.000000 0.227949
4068.000000 0.227963
4069.000000 0.227997
4070.000000 0.22801
4071.000000 0.228024
4071.149414 0.228026
4072.000000 0.228015
4073.000000 0.228003
4074.000000 0.228011
4075.000000 0.227998
4076.000000 0.227986
4077.000000 0.227973
4078.000000 0.227981
4079.000000 0.227968
4080.000000 0.227956
4081.000000 0.227943
4081.151855 0.227941
4082.000000 0.227951
4083.000000 0.227982
4084.000000 0.227994
4085.000000 0.228005
4086.000000 0.228017
4087.000000 0.228048
4088.000000 0.228059
4089.000000 0.228071
4090.000000 0.228082
4091.000000 0.228093
4091.154541 0.228098
4092.000000 0.228109
4093.000000 0.228103
4094.000000 0.228096
4095.000000 0.228089
4096.000000 0.228102
4097.000000 0.228096
4098.000000 0.228089
4099.000000 0.228082
4100.000000 0.228076
4101.000000 0.228088
4101.157227 0.228087
4102.000000 0.228078
4103.000000 0.228068
4104.000000 0.228057
4105.000000 0.228066
4106.000000 0.228055
4107.000000 0.228045
4108.000000 0.228034
4109.000000 0.228023
4110.000000 0.228032
4111.000000 0.228021
4111.159668 0.228019
4112.000000 0.228065
4113.000000 0.228118
4114.000000 0.228172
4115.000000 0.228246
4116.000000 0.2283
4117.000000 0.228354
4118.000000 0.228408
4119.000000 0.228481
4120.000000 0.228535
4121.000000 0.228589
4121.162598 0.228598
4122.000000 0.228633
4123.000000 0.228675
4124.000000 0.228736
4125.000000 0.228778
4126.000000 0.228819
4127.000000 0.228861
4128.000000 0.228903
4129.000000 0.228964
4130.000000 0.229006
4131.000000 0.229048
4131.165039 0.229054
4132.000000 0.229146
4133.000000 0.229276
4134.000000 0.229386
4135.000000 0.229496
4136.000000 0.229607
4137.000000 0.229717
4138.000000 0.229847
4139.000000 0.229957
4140.000000 0.230067
4141.000000 0.230178
4141.167480 0.230196
4142.000000 0.230292
4143.000000 0.230426
4144.000000 0.230541
4145.000000 0.230656
4146.000000 0.230771
4147.000000 0.230906
4148.000000 0.231021
4149.000000 0.231136
4150.000000 0.231251
4151.000000 0.231366
4151.170410 0.231389
4152.000000 0.231521
4153.000000 0.23166
4154.000000 0.231798
4155.000000 0.231937
4156.000000 0.232076
4157.000000 0.232235
4158.000000 0.232374
4159.000000 0.232513
4160.000000 0.232652
4161.000000 0.232791
4161.172852 0.232818
4162.000000 0.232955
4163.000000 0.2331
4164.000000 0.233246
4165.000000 0.233391
4166.000000 0.233536
4167.000000 0.233702
4168.000000 0.233848
4169.000000 0.233993
4170.000000 0.234139
4171.000000 0.234304
4171.175293 0.23433
4172.000000 0.234468
4173.000000 0.234635
4174.000000 0.234803
4175.000000 0.23497
4176.000000 0.235158
4177.000000 0.235326
4178.000000 0.235493
4179.000000 0.235661
4180.000000 0.235829
4181.000000 0.236017
4181.178223 0.236047
4182.000000 0.236184
4183.000000 0.236351
4184.000000 0.236518
4185.000000 0.236686
4186.000000 0.236873
4187.000000 0.237041
4188.000000 0.237208
4189.000000 0.237376
4190.000000 0.237543
4191.000000 0.237731
4191.180664 0.237762
4192.000000 0.237906
4193.000000 0.238082
4194.000000 0.238258
4195.000000 0.238435
4196.000000 0.238631
4197.000000 0.238808
4198.000000 0.238984
4199.000000 0.239161
4200.000000 0.239337
4201.000000 0.239534
4201.183594 0.239567
4202.000000 0.239653
4203.000000 0.239758
4204.000000 0.239864
4205.000000 0.239969
4206.000000 0.240095
4207.000000 0.240201
4208.000000 0.240307
4209.000000 0.240412
4210.000000 0.240518
4211.000000 0.240644
4211.186035 0.240664
4212.000000 0.240787
4213.000000 0.240939
4214.000000 0.241091
4215.000000 0.241243
4216.000000 0.241416
4217.000000 0.241568
4218.000000 0.24172
4219.000000 0.241873
4220.000000 0.242025
4221.000000 0.242198
4221.188477 0.242227
4222.000000 0.242288
4223.000000 0.242363
4224.000000 0.242438
4225.000000 0.242513
4226.000000 0.242609
4227.000000 0.242684
4228.000000 0.242759
4229.000000 0.242834
4230.000000 0.24291
4231.000000 0.242996
4231.191406 0.243009
4232.000000 0.243074
4233.000000 0.243154
4234.000000 0.243234
4235.000000 0.243315
4236.000000 0.243416
4237.000000 0.243496
4238.000000 0.243576
4239.000000 0.243657
4240.000000 0.243737
4241.000000 0.243838
4241.193848 0.243854
4242.000000 0.243887
4243.000000 0.243928
4244.000000 0.243969
4245.000000 0.244011
4246.000000 0.244073
4247.000000 0.244114
4248.000000 0.244155
4249.000000 0.244196
4250.000000 0.244238
4251.000000 0.244279
4251.196289 0.244291
4252.000000 0.244322
4253.000000 0.24434
4254.000000 0.244358
4255.000000 0.244376
4256.000000 0.244394
4257.000000 0.244433
4258.000000 0.244451
4259.000000 0.244469
4260.000000 0.244487
4261.000000 0.244505
4261.199219 0.244513
4262.000000 0.244554
4263.000000 0.244584
4264.000000 0.244614
4265.000000 0.244644
4266.000000 0.244674
4267.000000 0.244725
4268.000000 0.244755
4269.000000 0.244785
4270.000000 0.244815
4271.000000 0.244845
4271.201660 0.244851
4272.000000 0.244839
4273.000000 0.244844
4274.000000 0.244829
4275.000000 0.244814
4276.000000 0.244799
4277.000000 0.244783
4278.000000 0.244789
4279.000000 0.244774
4280.000000 0.244758
4281.000000 0.244743
4281.204590 0.24474
4282.000000 0.244751
4283.000000 0.244786
4284.000000 0.2448
4285.000000 0.244814
4286.000000 0.244827
4287.000000 0.244841
4288.000000 0.244855
4289.000000 0.24489
4290.000000 0.244904
4291.000000 0.244918
4291.207031 0.244921
4292.000000 0.244912
4293.000000 0.244902
4294.000000 0.244913
4295.000000 0.244903
4296.000000 0.244892
4297.000000 0.244882
4298.000000 0.244872
4299.000000 0.244882
4300.000000 0.244872
4301.000000 0.244861
4301.209473 0.244859
4302.000000 0.24487
4303.000000 0.244884
4304.000000 0.244897
4305.000000 0.244932
4306.000000 0.244946
4307.000000 0.24496
4308.000000 0.244973
4309.000000 0.244987
4310.000000 0.245022
4311.000000 0.245035
4311.212402 0.245038
4312.000000 0.245062
4313.000000 0.245092
4314.000000 0.245121
4315.000000 0.245151
4316.000000 0.245202
4317.000000 0.245232
4318.000000 0.245262
4319.000000 0.245292
4320.000000 0.245322
4321.000000 0.245372
4321.214844 0.245379
4322.000000 0.245393
4323.000000 0.24541
4324.000000 0.245427
4325.000000 0.245445
4326.000000 0.245462
4327.000000 0.245501
4328.000000 0.245518
4329.000000 0.245536
4330.000000 0.245553
4331.000000 0.24557
4331.217773 0.245579
4332.000000 0.245633
4333.000000 0.245682
4334.000000 0.24573
4335.000000 0.245779
4336.000000 0.245827
4337.000000 0.245876
4338.000000 0.245945
4339.000000 0.245994
4340.000000 0.246042
4341.000000 0.246091
4341.220215 0.246101
4342.000000 0.246156
4343.000000 0.246226
4344.000000 0.246317
4345.000000 0.246386
4346.000000 0.246456
4347.000000 0.246526
4348.000000 0.246596
4349.000000 0.246687
4350.000000 0.246757
4351.000000 0.246827
4351.222656 0.246842
4352.000000 0.246905
4353.000000 0.246987
4354.000000 0.247068
4355.000000 0.247171
4356.000000 0.247252
4357.000000 0.247334
4358.000000 0.247415
4359.000000 0.247497
4360.000000 0.247578
4361.000000 0.247681
4361.225586 0.247699
4362.000000 0.247773
4363.000000 0.247867
4364.000000 0.247962
4365.000000 0.248057
4366.000000 0.248174
4367.000000 0.248269
4368.000000 0.248364
4369.000000 0.248459
4370.000000 0.248554
4371.000000 0.248649
4371.228027 0.248676
4372.000000 0.248775
4373.000000 0.248883
4374.000000 0.248991
4375.000000 0.249099
4376.000000 0.249207
4377.000000 0.249315
4378.000000 0.249444
4379.000000 0.249552
4380.000000 0.24966
4381.000000 0.249768
4381.230469 0.249793
4382.000000 0.249881
4383.000000 0.249996
4384.000000 0.250133
4385.000000 0.250248
4386.000000 0.250364
4387.000000 0.250479
4388.000000 0.250594
4389.000000 0.25071
4390.000000 0.250846
4391.000000 0.250962
4391.233398 0.250989
4392.000000 0.251073
4393.000000 0.251184
4394.000000 0.251295
4395.000000 0.251406
4396.000000 0.251538
4397.000000 0.251649
4398.000000 0.25176
4399.000000 0.251871
4400.000000 0.251982
4401.000000 0.252114
4401.235840 0.25214
4402.000000 0.252243
4403.000000 0.252378
4404.000000 0.252513
4405.000000 0.252648
4406.000000 0.252783
4407.000000 0.25294
4408.000000 0.253075
4409.000000 0.25321
4410.000000 0.253345
4411.000000 0.253481
4411.238770 0.253513
4412.000000 0.253608
4413.000000 0.253733
4414.000000 0.253879
4415.000000 0.254004
4416.000000 0.254129
4417.000000 0.254254
4418.000000 0.254379
4419.000000 0.254504
4420.000000 0.254651
4421.000000 0.254776
4421.241211 0.254806
4422.000000 0.254902
4423.000000 0.255027
4424.000000 0.255153
4425.000000 0.255279
4426.000000 0.255426
4427.000000 0.255552
4428.000000 0.255678
4429.000000 0.255804
4430.000000 0.255929
4431.000000 0.256065
4431.244141 0.256103
4432.000000 0.256187
4433.000000 0.256276
4434.000000 0.256364
4435.000000 0.256453
4436.000000 0.256542
4437.000000 0.25663
4438.000000 0.256741
4439.000000 0.25683
4440.000000 0.256919
4441.000000 0.257007
4441.246582 0.257029
4442.000000 0.2571
4443.000000 0.257194
4444.000000 0.257311
4445.000000 0.257405
4446.000000 0.257499
4447.000000 0.257594
4448.000000 0.257688
4449.000000 0.257782
4450.000000 0.257899
4451.000000 0.257993
4451.249023 0.258017
4452.000000 0.258086
4453.000000 0.258179
4454.000000 0.258272
4455.000000 0.258365
4456.000000 0.258458
4457.000000 0.258573
4458.000000 0.258666
4459.000000 0.258759
4460.000000 0.258852
4461.000000 0.258945
4461.251953 0.258969
4462.000000 0.258993
4463.000000 0.259047
4464.000000 0.25908
4465.000000 0.259112
4466.000000 0.259144
4467.000000 0.259177
4468.000000 0.259209
4469.000000 0.259263
4470.000000 0.259296
4471.000000 0.259328
4471.254395 0.259336
4472.000000 0.259387
4473.000000 0.259455
4474.000000 0.259523
4475.000000 0.259591
4476.000000 0.259681
4477.000000 0.259749
4478.000000 0.259817
4479.000000 0.259885
4480.000000 0.259954
4481.000000 0.260022
4481.257324 0.260045
4482.000000 0.260064
4483.000000 0.260068
4484.000000 0.260072
4485.000000 0.260076
4486.000000 0.26008
4487.000000 0.260084
4488.000000 0.260088
4489.000000 0.260114
4490.000000 0.260118
4491.000000 0.260122
4491.259766 0.260123
4492.000000 0.260138
4493.000000 0.260159
4494.000000 0.260179
4495.000000 0.260221
4496.000000 0.260242
4497.000000 0.260262
4498.000000 0.260283
4499.000000 0.260303
4500.000000 0.260323
4501.000000 0.260317
4501.262207 0.260321
4502.000000 0.260326
4503.000000 0.260309
4504.000000 0.260293
4505.000000 0.260277
4506.000000 0.260261
4507.000000 0.260245
4508.000000 0.260229
4509.000000 0.260235
4510.000000 0.260218
4511.000000 0.260202
4511.265137 0.260198
4512.000000 0.260159
4513.000000 0.260107
4514.000000 0.260055
4515.000000 0.260024
4516.000000 0.259972
4517.000000 0.25992
4518.000000 0.259867
4519.000000 0.259815
4520.000000 0.259762
4521.000000 0.25971
4521.267578 0.259702
4522.000000 0.259696
4523.000000 0.259666
4524.000000 0.259636
4525.000000 0.259605
4526.000000 0.259575
4527.000000 0.259545
4528.000000 0.259515
4529.000000 0.259507
4530.000000 0.259477
4531.000000 0.259446
4531.270508 0.259438
4532.000000 0.2594
4533.000000 0.259347
4534.000000 0.259294
4535.000000 0.259241
4536.000000 0.259211
4537.000000 0.259158
4538.000000 0.259105
4539.000000 0.259052
4540.000000 0.258999
4541.000000 0.258947
4541.272949 0.258932
4542.000000 0.258904
4543.000000 0.258888
4544.000000 0.25885
4545.000000 0.258812
4546.000000 0.258774
4547.000000 0.258735
4548.000000 0.258697
4549.000000 0.258659
4550.000000 0.258643
4551.000000 0.258604
4551.275391 0.258594
4552.000000 0.258578
4553.000000 0.258556
4554.000000 0.258533
4555.000000 0.258511
4556.000000 0.258489
4557.000000 0.258489
4558.000000 0.258466
4559.000000 0.258444
4560.000000 0.258422
4561.000000 0.258399
4561.278320 0.258393
4562.000000 0.258362
4563.000000 0.258319
4564.000000 0.258299
4565.000000 0.258256
4566.000000 0.258213
4567.000000 0.25817
4568.000000 0.258127
4569.000000 0.258084
4570.000000 0.258041
4571.000000 0.25802
4571.280762 0.258008
4572.000000 0.258005
4573.000000 0.258
4574.000000 0.257996
4575.000000 0.257991
4576.000000 0.257986
4577.000000 0.257982
4578.000000 0.257999
4579.000000 0.257995
4580.000000 0.25799
4581.000000 0.257985
4581.283691 0.257984
4582.000000 0.257979
4583.000000 0.257972
4584.000000 0.257965
4585.000000 0.257959
4586.000000 0.257974
4587.000000 0.257967
4588.000000 0.25796
4589.000000 0.257953
4590.000000 0.257946
4591.000000 0.257939
4591.286133 0.257937
4592.000000 0.257952
4593.000000 0.257996
4594.000000 0.258017
4595.000000 0.258038
4596.000000 0.258059
4597.000000 0.25808
4598.000000 0.258101
4599.000000 0.258122
4600.000000 0.258166
4601.000000 0.258187
4601.288574 0.258193
4602.000000 0.258223
4603.000000 0.258265
4604.000000 0.258307
4605.000000 0.258349
4606.000000 0.258392
4607.000000 0.258434
4608.000000 0.258498
4609.000000 0.25854
4610.000000 0.258582
4611.000000 0.258625
4611.291504 0.258637
4612.000000 0.258669
4613.000000 0.258715
4614.000000 0.25876
4615.000000 0.258828
4616.000000 0.258873
4617.000000 0.258919
4618.000000 0.258964
4619.000000 0.25901
4620.000000 0.259055
4621.000000 0.259101
4621.293945 0.259114
4622.000000 0.259168
4623.000000 0.259267
4624.000000 0.259344
4625.000000 0.259421
4626.000000 0.259497
4627.000000 0.259574
4628.000000 0.259651
4629.000000 0.259728
4630.000000 0.259804
4631.000000 0.259898
4631.296875 0.259919
4632.000000 0.25997
4633.000000 0.260043
4634.000000 0.260116
4635.000000 0.260189
4636.000000 0.260262
4637.000000 0.260335
4638.000000 0.260407
4639.000000 0.260503
4640.000000 0.260576
4641.000000 0.260648
4641.299316 0.26067
4642.000000 0.260751
4643.000000 0.260865
4644.000000 0.26098
4645.000000 0.261094
4646.000000 0.261209
4647.000000 0.261346
4648.000000 0.26146
4649.000000 0.261575
4650.000000 0.26169
4651.000000 0.261804
4651.301758 0.261839
4652.000000 0.261891
4653.000000 0.261966
4654.000000 0.262063
4655.000000 0.262138
4656.000000 0.262213
4657.000000 0.262287
4658.000000 0.262362
4659.000000 0.262437
4660.000000 0.262512
4661.000000 0.262586
4661.304688 0.262609
4662.000000 0.262705
4663.000000 0.262865
4664.000000 0.263003
4665.000000 0.263141
4666.000000 0.263279
4667.000000 0.263417
4668.000000 0.263554
4669.000000 0.263692
4670.000000 0.26383
4671.000000 0.263991
4671.307129 0.264033
4672.000000 0.264119
4673.000000 0.264242
4674.000000 0.264366
4675.000000 0.26449
4676.000000 0.264614
4677.000000 0.264737
4678.000000 0.264861
4679.000000 0.265007
4680.000000 0.265131
4681.000000 0.265255
4681.310059 0.265293
4682.000000 0.26537
4683.000000 0.265482
4684.000000 0.265594
4685.000000 0.265706
4686.000000 0.265818
4687.000000 0.265953
4688.000000 0.266064
4689.000000 0.266176
4690.000000 0.266288
4691.000000 0.2664
4691.312500 0.266435
4692.000000 0.266532
4693.000000 0.266672
4694.000000 0.266813
4695.000000 0.266954
4696.000000 0.267117
4697.000000 0.267257
4698.000000 0.267398
4699.000000 0.267539
4700.000000 0.267679
4701.000000 0.26782
4701.315430 0.267864
4702.000000 0.267935
4703.000000 0.268038
4704.000000 0.268164
4705.000000 0.268267
4706.000000 0.268371
4707.000000 0.268474
4708.000000 0.268577
4709.000000 0.26868
4710.000000 0.268784
4711.000000 0.268887
4711.317871 0.26892
4712.000000 0.269007
4713.000000 0.269157
4714.000000 0.269285
4715.000000 0.269413
4716.000000 0.26954
4717.000000 0.269668
4718.000000 0.269796
4719.000000 0.269923
4720.000000 0.270051
4721.000000 0.270179
4721.320312 0.270227
4722.000000 0.270311
4723.000000 0.270412
4724.000000 0.270513
4725.000000 0.270613
4726.000000 0.270714
4727.000000 0.270815
4728.000000 0.270915
4729.000000 0.271016
4730.000000 0.27114
4731.000000 0.271241
4731.323242 0.271273
4732.000000 0.27134
4733.000000 0.271439
4734.000000 0.271538
4735.000000 0.271637
4736.000000 0.271736
4737.000000 0.271835
4738.000000 0.271933
4739.000000 0.272056
4740.000000 0.272155
4741.000000 0.272253
4741.325684 0.272286
4742.000000 0.272347
4743.000000 0.272438
4744.000000 0.272529
4745.000000 0.27262
4746.000000 0.272711
4747.000000 0.272801
4748.000000 0.272916
4749.000000 0.273007
4750.000000 0.273097
4751.000000 0.273188
4751.328613 0.273218
4752.000000 0.273252
4753.000000 0.273303
4754.000000 0.273353
4755.000000 0.273404
4756.000000 0.273454
4757.000000 0.273504
4758.000000 0.273578
4759.000000 0.273629
4760.000000 0.273679
4761.000000 0.27373
4761.331055 0.273746
4762.000000 0.273793
4763.000000 0.273862
4764.000000 0.273931
4765.000000 0.274001
4766.000000 0.27407
4767.000000 0.274163
4768.000000 0.274232
4769.000000 0.274301
4770.000000 0.274371
4771.000000 0.27444
4771.333984 0.274463
4772.000000 0.274461
4773.000000 0.274457
4774.000000 0.274454
4775.000000 0.27445
4776.000000 0.274447
4777.000000 0.274466
4778.000000 0.274463
4779.000000 0.274459
4780.000000 0.274456
4781.000000 0.274452
4781.336426 0.274451
4782.000000 0.274481
4783.000000 0.274525
4784.000000 0.27457
4785.000000 0.274615
4786.000000 0.274683
4787.000000 0.274728
4788.000000 0.274773
4789.000000 0.274818
4790.000000 0.274862
4791.000000 0.274907
4791.338867 0.274922
4792.000000 0.274917
4793.000000 0.274909
4794.000000 0.2749
4795.000000 0.274892
4796.000000 0.274907
4797.000000 0.274899
4798.000000 0.274891
4799.000000 0.274882
4800.000000 0.274874
4801.000000 0.274866
4801.341797 0.274863
4802.000000 0.274849
4803.000000 0.274827
4804.000000 0.274805
4805.000000 0.274783
4806.000000 0.274785
4807.000000 0.274763
4808.000000 0.274741
4809.000000 0.274719
4810.000000 0.274697
4811.000000 0.274676
4811.344238 0.274668
4812.000000 0.274654
4813.000000 0.274632
4814.000000 0.27461
4815.000000 0.274589
4816.000000 0.27459
4817.000000 0.274568
4818.000000 0.274547
4819.000000 0.274525
4820.000000 0.274503
4821.000000 0.274481
4821.347168 0.274474
4822.000000 0.274434
4823.000000 0.274373
4824.000000 0.274312
4825.000000 0.274251
4826.000000 0.27419
4827.000000 0.274152
4828.000000 0.274091
4829.000000 0.27403
4830.000000 0.273968
4831.000000 0.273904
4831.349609 0.273882
4832.000000 0.273849
4833.000000 0.273799
4834.000000 0.273749
4835.000000 0.273699
4836.000000 0.273649
4837.000000 0.273622
4838.000000 0.273572
4839.000000 0.273522
4840.000000 0.273472
4841.000000 0.273421
4841.352539 0.273404
4842.000000 0.273352
4843.000000 0.273273
4844.000000 0.273194
4845.000000 0.273114
4846.000000 0.273035
4847.000000 0.272956
4848.000000 0.272899
4849.000000 0.27282
4850.000000 0.272741
4851.000000 0.272661
4851.354980 0.272633
4852.000000 0.272605
4853.000000 0.272563
4854.000000 0.27252
4855.000000 0.272477
4856.000000 0.272435
4857.000000 0.272392
4858.000000 0.272349
4859.000000 0.27233
4860.000000 0.272287
4861.000000 0.272245
4861.357422 0.272229
4862.000000 0.272204
4863.000000 0.272164
4864.000000 0.272124
4865.000000 0.272084
4866.000000 0.272044
4867.000000 0.272004
4868.000000 0.271964
4869.000000 0.271924
4870.000000 0.271908
4871.000000 0.271868
4871.360352 0.271853
4872.000000 0.271782
4873.000000 0.271671
4874.000000 0.271559
4875.000000 0.271447
4876.000000 0.271336
4877.000000 0.271224
4878.000000 0.271112
4879.000000 0.271001
4880.000000 0.270889
4881.000000 0.270801
4881.362793 0.27076
4882.000000 0.270737
4883.000000 0.2707
4884.000000 0.270663
4885.000000 0.270625
4886.000000 0.270588
4887.000000 0.270551
4888.000000 0.270514
4889.000000 0.270477
4890.000000 0.27044
4891.000000 0.270403
4891.365723 0.27039
4892.000000 0.270342
4893.000000 0.27029
4894.000000 0.270216
4895.000000 0.270141
4896.000000 0.270066
4897.000000 0.269991
4898.000000 0.269916
4899.000000 0.269841
4900.000000 0.269766
4901.000000 0.269691
4901.368164 0.269664
4902.000000 0.269646
4903.000000 0.269617
4904.000000 0.269588
4905.000000 0.269583
4906.000000 0.269554
4907.000000 0.269525
4908.000000 0.269497
4909.000000 0.269468
4910.000000 0.269439
4911.000000 0.269411
4911.371094 0.2694
4912.000000 0.269387
4913.000000 0.269367
4914.000000 0.269347
4915.000000 0.269327
4916.000000 0.269307
4917.000000 0.26931
4918.000000 0.26929
4919.000000 0.26927
4920.000000 0.26925
4921.000000 0.26923
4921.373535 0.269223
4922.000000 0.269193
4923.000000 0.269146
4924.000000 0.269098
4925.000000 0.269051
4926.000000 0.269003
4927.000000 0.268956
4928.000000 0.268908
4929.000000 0.268861
4930.000000 0.268836
4931.000000 0.268789
4931.375977 0.268771
4932.000000 0.268769
4933.000000 0.268764
4934.000000 0.26876
4935.000000 0.268756
4936.000000 0.268752
4937.000000 0.268748
4938.000000 0.268744
4939.000000 0.26874
4940.000000 0.268736
4941.000000 0.268732
4941.378906 0.26873
4942.000000 0.268718
4943.000000 0.268722
4944.000000 0.268704
4945.000000 0.268685
4946.000000 0.268666
4947.000000 0.268647
4948.000000 0.268628
4949.000000 0.268609
4950.000000 0.26859
4951.000000 0.268571
4951.381348 0.268564
4952.000000 0.26859
4953.000000 0.268631
4954.000000 0.268673
4955.000000 0.268715
4956.000000 0.268779
4957.000000 0.268821
4958.000000 0.268863
4959.000000 0.268904
4960.000000 0.268946
4961.000000 0.268988
4961.384277 0.269004
4962.000000 0.269
4963.000000 0.268994
4964.000000 0.268987
4965.000000 0.268981
4966.000000 0.268975
4967.000000 0.268968
4968.000000 0.268962
4969.000000 0.268979
4970.000000 0.268972
4971.000000 0.268966
4971.386719 0.268964
4972.000000 0.268981
4973.000000 0.269009
4974.000000 0.269037
4975.000000 0.269066
4976.000000 0.269094
4977.000000 0.269122
4978.000000 0.26915
4979.000000 0.269179
4980.000000 0.269207
4981.000000 0.269235
4981.389648 0.269246
4982.000000 0.269279
4983.000000 0.269332
4984.000000 0.269408
4985.000000 0.269461
4986.000000 0.269515
4987.000000 0.269568
4988.000000 0.269621
4989.000000 0.269675
4990.000000 0.269728
4991.000000 0.269781
4991.392090 0.269802
4992.000000 0.269824
4993.000000 0.269861
4994.000000 0.269897
4995.000000 0.269933
4996.000000 0.26997
4997.000000 0.270006
4998.000000 0.270065
4999.000000 0.270102
5000.000000 0.270138
5001.000000 0.270168
5001.395020 0.270179
5002.000000 0.270236
5003.000000 0.27033
5004.000000 0.270424
5005.000000 0.270518
5006.000000 0.270612
5007.000000 0.270706
5008.000000 0.2708
5009.000000 0.270894
5010.000000 0.270988
5011.000000 0.271083
5011.397461 0.27112
5012.000000 0.271151
5013.000000 0.271227
5014.000000 0.271279
5015.000000 0.271331
5016.000000 0.271383
5017.000000 0.271436
5018.000000 0.271488
5019.000000 0.27154
5020.000000 0.271592
5021.000000 0.271644
5021.399902 0.271665
5022.000000 0.271717
5023.000000 0.271802
5024.000000 0.271888
5025.000000 0.271974
5026.000000 0.272059
5027.000000 0.272145
5028.000000 0.272231
5029.000000 0.27234
5030.000000 0.272425
5031.000000 0.272505
5031.402832 0.272537
5032.000000 0.27257
5033.000000 0.272626
5034.000000 0.272682
5035.000000 0.272737
5036.000000 0.272793
5037.000000 0.272849
5038.000000 0.272904
5039.000000 0.27296
5040.000000 0.273016
5041.000000 0.273071
5041.405273 0.273094
5042.000000 0.273133
5043.000000 0.273198
5044.000000 0.273263
5045.000000 0.273328
5046.000000 0.273416
5047.000000 0.273481
5048.000000 0.273546
5049.000000 0.273611
5050.000000 0.273676
5051.000000 0.273741
5051.408203 0.273768
5052.000000 0.273824
5053.000000 0.273919
5054.000000 0.274013
5055.000000 0.274108
5056.000000 0.274203
5057.000000 0.274298
5058.000000 0.274393
5059.000000 0.274487
5060.000000 0.274582
5061.000000 0.274677
5061.410645 0.274716
5062.000000 0.274734
5063.000000 0.274788
5064.000000 0.274818
5065.000000 0.274849
5066.000000 0.274879
5067.000000 0.27491
5068.000000 0.27494
5069.000000 0.274971
5070.000000 0.275001
5071.000000 0.275032
5071.413574 0.275044
5072.000000 0.275099
5073.000000 0.275192
5074.000000 0.275285
5075.000000 0.275378
5076.000000 0.275472
5077.000000 0.275565
5078.000000 0.275658
5079.000000 0.275751
5080.000000 0.275844
5081.000000 0.275937
5081.416016 0.275986
5082.000000 0.276038
5083.000000 0.276104
5084.000000 0.27617
5085.000000 0.276236
5086.000000 0.276302
5087.000000 0.276367
5088.000000 0.276433
5089.000000 0.276499
5090.000000 0.276565
5091.000000 0.276631
5091.418945 0.276658
5092.000000 0.276694
5093.000000 0.276754
5094.000000 0.276815
5095.000000 0.276876
5096.000000 0.276936
5097.000000 0.276997
5098.000000 0.277057
5099.000000 0.277118
5100.000000 0.277179
5101.000000 0.277263
5101.421387 0.277288
5102.000000 0.277318
5103.000000 0.277369
5104.000000 0.27742
5105.000000 0.277471
5106.000000 0.277522
5107.000000 0.277573
5108.000000 0.277624
5109.000000 0.277675
5110.000000 0.277726
5111.000000 0.277777
5111.424316 0.277798
5112.000000 0.277816
5113.000000 0.277848
5114.000000 0.277879
5115.000000 0.277911
5116.000000 0.277942
5117.000000 0.277974
5118.000000 0.278005
5119.000000 0.278037
5120.000000 0.278068
5121.000000 0.278099
5121.426758 0.278123
5122.000000 0.278171
5123.000000 0.27823
5124.000000 0.27829
5125.000000 0.278349
5126.000000 0.278409
5127.000000 0.278468
5128.000000 0.278528
5129.000000 0.278587
5130.000000 0.278647
5131.000000 0.278706
5131.429199 0.278732
5132.000000 0.278727
5133.000000 0.27872
5134.000000 0.278712
5135.000000 0.278704
5136.000000 0.278697
5137.000000 0.278689
5138.000000 0.278681
5139.000000 0.278674
5140.000000 0.278666
5141.000000 0.278658
5141.432129 0.278655
5142.000000 0.278671
5143.000000 0.2787
5144.000000 0.278753
5145.000000 0.278781
5146.000000 0.27881
5147.000000 0.278839
5148.000000 0.278868
5149.000000 0.278896
5150.000000 0.278925
5151.000000 0.278954
5151.434570 0.278967
5152.000000 0.278948
5153.000000 0.278915
5154.000000 0.278881
5155.000000 0.278848
5156.000000 0.278815
5157.000000 0.278782
5158.000000 0.278749
5159.000000 0.278716
5160.000000 0.278682
5161.000000 0.278649
5161.437500 0.278635
5162.000000 0.278643
5163.000000 0.278657
5164.000000 0.278671
5165.000000 0.278686
5166.000000 0.2787
5167.000000 0.278714
5168.000000 0.278728
5169.000000 0.278766
5170.000000 0.278781
5171.000000 0.278795
5171.439941 0.278801
5172.000000 0.278789
5173.000000 0.278767
5174.000000 0.278745
5175.000000 0.278724
5176.000000 0.278702
5177.000000 0.27868
5178.000000 0.278658
5179.000000 0.278637
5180.000000 0.278615
5181.000000 0.278593
5181.442871 0.278584
5182.000000 0.278547
5183.000000 0.278482
5184.000000 0.278416
5185.000000 0.278351
5186.000000 0.278285
5187.000000 0.27822
5188.000000 0.278155
5189.000000 0.278089
5190.000000 0.278024
5191.000000 0.277958
5191.445312 0.277929
5192.000000 0.277937
5193.000000 0.277951
5194.000000 0.277965
5195.000000 0.277979
5196.000000 0.277993
5197.000000 0.27803
5198.000000 0.278044
5199.000000 0.278058
5200.000000 0.278072
5201.000000 0.278086
5201.448242 0.278092
5202.000000 0.27804
5203.000000 0.277945
5204.000000 0.277849
5205.000000 0.277754
5206.000000 0.277659
5207.000000 0.277564
5208.000000 0.277469
5209.000000 0.277373
5210.000000 0.277278
5211.000000 0.277183
5211.450684 0.27714
5212.000000 0.277095
5213.000000 0.277015
5214.000000 0.276934
5215.000000 0.276853
5216.000000 0.276772
5217.000000 0.276691
5218.000000 0.276611
5219.000000 0.27653
5220.000000 0.276449
5221.000000 0.276368
5221.453613 0.276332
5222.000000 0.276305
5223.000000 0.276257
5224.000000 0.27621
5225.000000 0.276162
5226.000000 0.276114
5227.000000 0.276066
5228.000000 0.276018
5229.000000 0.27597
5230.000000 0.275946
5231.000000 0.275899
5231.456055 0.275878
5232.000000 0.275841
5233.000000 0.275772
5234.000000 0.275704
5235.000000 0.275635
5236.000000 0.275567
5237.000000 0.275498
5238.000000 0.27543
5239.000000 0.275361
5240.000000 0.275293
5241.000000 0.275224
5241.458496 0.275193
5242.000000 0.275158
5243.000000 0.275093
5244.000000 0.275028
5245.000000 0.274963
5246.000000 0.274899
5247.000000 0.274834
5248.000000 0.274769
5249.000000 0.274705
5250.000000 0.27464
5251.000000 0.274575
5251.461426 0.274545
5252.000000 0.274488
5253.000000 0.274381
5254.000000 0.274274
5255.000000 0.274167
5256.000000 0.274061
5257.000000 0.273954
5258.000000 0.273847
5259.000000 0.27374
5260.000000 0.273633
5261.000000 0.273526
5261.463867 0.273477
5262.000000 0.273443
5263.000000 0.273379
5264.000000 0.273315
5265.000000 0.273251
5266.000000 0.273187
5267.000000 0.273123
5268.000000 0.273059
5269.000000 0.272995
5270.000000 0.272954
5271.000000 0.27289
5271.466797 0.27286
5272.000000 0.272808
5273.000000 0.272711
5274.000000 0.272613
5275.000000 0.272515
5276.000000 0.272417
5277.000000 0.272319
5278.000000 0.272222
5279.000000 0.272124
5280.000000 0.272026
5281.000000 0.271928
5281.469238 0.271882
5282.000000 0.271843
5283.000000 0.271767
5284.000000 0.271692
5285.000000 0.271617
5286.000000 0.271542
5287.000000 0.271467
5288.000000 0.271392
5289.000000 0.271317
5290.000000 0.271242
5291.000000 0.271167
5291.472168 0.271131
5292.000000 0.271082
5293.000000 0.270987
5294.000000 0.270893
5295.000000 0.270799
5296.000000 0.270705
5297.000000 0.270611
5298.000000 0.270516
5299.000000 0.270422
5300.000000 0.270328
5301.000000 0.270234
5301.474609 0.270189
5302.000000 0.270144
5303.000000 0.270058
5304.000000 0.269972
5305.000000 0.269886
5306.000000 0.2698
5307.000000 0.269714
5308.000000 0.269628
5309.000000 0.269542
5310.000000 0.269456
5311.000000 0.26937
5311.477539 0.269329
5312.000000 0.26929
5313.000000 0.269214
5314.000000 0.269139
5315.000000 0.269063
5316.000000 0.268988
5317.000000 0.268912
5318.000000 0.268837
5319.000000 0.268761
5320.000000 0.268686
5321.000000 0.26861
5321.479980 0.268574
5322.000000 0.268517
5323.000000 0.268408
5324.000000 0.268298
5325.000000 0.268189
5326.000000 0.268079
5327.000000 0.26797
5328.000000 0.26786
5329.000000 0.267751
5330.000000 0.267641
5331.000000 0.267532
5331.482910 0.267479
5332.000000 0.267448
5333.000000 0.26741
5334.000000 0.26735
5335.000000 0.26729
5336.000000 0.26723
5337.000000 0.26717
5338.000000 0.26711
5339.000000 0.26705
5340.000000 0.26699
5341.000000 0.26693
5341.485352 0.2669
5342.000000 0.266854
5343.000000 0.266763
5344.000000 0.266672
5345.000000 0.266582
5346.000000 0.266491
5347.000000 0.266401
5348.000000 0.26631
5349.000000 0.266219
5350.000000 0.266129
5351.000000 0.266038
5351.487793 0.265994
5352.000000 0.265959
5353.000000 0.265892
5354.000000 0.265825
5355.000000 0.265758
5356.000000 0.265691
5357.000000 0.265624
5358.000000 0.265557
5359.000000 0.265489
5360.000000 0.265422
5361.000000 0.265355
5361.490723 0.265322
5362.000000 0.265287
5363.000000 0.265219
5364.000000 0.265151
5365.000000 0.265083
5366.000000 0.265015
5367.000000 0.264947
5368.000000 0.264879
5369.000000 0.264811
5370.000000 0.264743
5371.000000 0.264675
5371.493164 0.264642
5372.000000 0.264587
5373.000000 0.264479
5374.000000 0.264371
5375.000000 0.264263
5376.000000 0.264154
5377.000000 0.264046
5378.000000 0.263938
5379.000000 0.26383
5380.000000 0.263722
5381.000000 0.263614
5381.496094 0.26356
5382.000000 0.263535
5383.000000 0.263486
5384.000000 0.263436
5385.000000 0.263386
5386.000000 0.263336
5387.000000 0.263286
5388.000000 0.263237
5389.000000 0.263187
5390.000000 0.263137
5391.000000 0.263087
5391.498535 0.263063
5392.000000 0.263019
5393.000000 0.262934
5394.000000 0.262848
5395.000000 0.262762
5396.000000 0.262676
5397.000000 0.26259
5398.000000 0.262504
5399.000000 0.262418
5400.000000 0.262332
5401.000000 0.262246
5401.501465 0.262203
5402.000000 0.262172
5403.000000 0.262111
5404.000000 0.262049
5405.000000 0.261988
5406.000000 0.261926
5407.000000 0.261864
5408.000000 0.261803
5409.000000 0.261741
5410.000000 0.26168
5411.000000 0.261618
5411.503906 0.261587
5412.000000 0.261555
5413.000000 0.261492
5414.000000 0.261429
5415.000000 0.261366
5416.000000 0.261303
5417.000000 0.26124
5418.000000 0.261177
5419.000000 0.261114
5420.000000 0.261051
5421.000000 0.260988
5421.506836 0.260956
5422.000000 0.260902
5423.000000 0.260793
5424.000000 0.260684
5425.000000 0.260575
5426.000000 0.260466
5427.000000 0.260356
5428.000000 0.260247
5429.000000 0.260138
5430.000000 0.260029
5431.000000 0.25992
5431.509277 0.259864
5432.000000 0.259838
5433.000000 0.259784
5434.000000 0.259731
5435.000000 0.259677
5436.000000 0.259624
5437.000000 0.25957
5438.000000 0.259517
5439.000000 0.259463
5440.000000 0.259409
5441.000000 0.259356
5441.512207 0.259328
5442.000000 0.259281
5443.000000 0.259183
5444.000000 0.259085
5445.000000 0.258987
5446.000000 0.258889
5447.000000 0.258792
5448.000000 0.258694
5449.000000 0.258596
5450.000000 0.258498
5451.000000 0.2584
5451.514648 0.25835
5452.000000 0.258315
5453.000000 0.258243
5454.000000 0.258172
5455.000000 0.2581
5456.000000 0.258029
5457.000000 0.257957
5458.000000 0.257886
5459.000000 0.257814
5460.000000 0.257721
5461.000000 0.257649
5461.517578 0.257612
5462.000000 0.257575
5463.000000 0.257497
5464.000000 0.25742
5465.000000 0.257342
5466.000000 0.257265
5467.000000 0.257187
5468.000000 0.25711
5469.000000 0.257032
5470.000000 0.256955
5471.000000 0.256877
5471.520020 0.256837
5472.000000 0.256789
5473.000000 0.25669
5474.000000 0.256591
5475.000000 0.256492
5476.000000 0.256393
5477.000000 0.256294
5478.000000 0.256195
5479.000000 0.256096
5480.000000 0.255996
5481.000000 0.255897
5481.522461 0.255846
5482.000000 0.255802
5483.000000 0.255712
5484.000000 0.255622
5485.000000 0.255531
5486.000000 0.255441
5487.000000 0.255351
5488.000000 0.25526
5489.000000 0.25517
5490.000000 0.25508
5491.000000 0.254989
5491.525391 0.254942
5492.000000 0.254877
5493.000000 0.254742
5494.000000 0.254607
5495.000000 0.254472
5496.000000 0.254337
5497.000000 0.254202
5498.000000 0.254066
5499.000000 0.253931
5500.000000 0.253796
5501.000000 0.253662
5501.527832 0.253592
5502.000000 0.253543
5503.000000 0.253441
5504.000000 0.253339
5505.000000 0.253237
5506.000000 0.253135
5507.000000 0.253033
5508.000000 0.252931
5509.000000 0.252829
5510.000000 0.252727
5511.000000 0.252625
5511.530762 0.252571
5512.000000 0.252527
5513.000000 0.252433
5514.000000 0.25234
5515.000000 0.252246
5516.000000 0.252153
5517.000000 0.252059
5518.000000 0.251966
5519.000000 0.251872
5520.000000 0.251779
5521.000000 0.251685
5521.533203 0.251624
5522.000000 0.251553
5523.000000 0.251421
5524.000000 0.25129
5525.000000 0.251158
5526.000000 0.251026
5527.000000 0.250895
5528.000000 0.250763
5529.000000 0.250632
5530.000000 0.2505
5531.000000 0.250368
5531.536133 0.250298
5532.000000 0.25024
5533.000000 0.250116
5534.000000 0.249993
5535.000000 0.249869
5536.000000 0.249745
5537.000000 0.249621
5538.000000 0.249497
5539.000000 0.249373
5540.000000 0.24925
5541.000000 0.249126
5541.538574 0.249059
5542.000000 0.248983
5543.000000 0.248818
5544.000000 0.248654
5545.000000 0.248489
5546.000000 0.248324
5547.000000 0.24816
5548.000000 0.247995
5549.000000 0.24783
5550.000000 0.247666
5551.000000 0.247501
5551.541504 0.247412
5552.000000 0.247355
5553.000000 0.247232
5554.000000 0.247109
5555.000000 0.246986
5556.000000 0.246863
5557.000000 0.24674
5558.000000 0.246617
5559.000000 0.246493
5560.000000 0.24637
5561.000000 0.246247
5561.543945 0.24618
5562.000000 0.246096
5563.000000 0.245891
5564.000000 0.245706
5565.000000 0.245522
5566.000000 0.245337
5567.000000 0.245153
5568.000000 0.244968
5569.000000 0.244784
5570.000000 0.244599
5571.000000 0.244415
5571.546875 0.244314
5572.000000 0.24425
5573.000000 0.244109
5574.000000 0.243968
5575.000000 0.243827
5576.000000 0.243686
5577.000000 0.243545
5578.000000 0.243404
5579.000000 0.243263
5580.000000 0.243122
5581.000000 0.242981
5581.549316 0.242903
5582.000000 0.242824
5583.000000 0.242647
5584.000000 0.24247
5585.000000 0.242294
5586.000000 0.242117
5587.000000 0.24194
5588.000000 0.241764
5589.000000 0.241587
5590.000000 0.241411
5591.000000 0.241234
5591.552246 0.241136
5592.000000 0.241052
5593.000000 0.240864
5594.000000 0.240676
5595.000000 0.240468
5596.000000 0.24028
5597.000000 0.240092
5598.000000 0.239904
5599.000000 0.239716
5600.000000 0.239528
5601.000000 0.23934
5601.554688 0.239236
5602.000000 0.239156
5603.000000 0.238976
5604.000000 0.238797
5605.000000 0.238618
5606.000000 0.238438
5607.000000 0.238259
5608.000000 0.23808
5609.000000 0.2379
5610.000000 0.237721
5611.000000 0.237542
5611.557617 0.237441
5612.000000 0.237345
5613.000000 0.237127
5614.000000 0.236909
5615.000000 0.236691
5616.000000 0.236473
5617.000000 0.236255
5618.000000 0.236037
5619.000000 0.235819
5620.000000 0.235601
5621.000000 0.235383
5621.560059 0.235261
5622.000000 0.235184
5623.000000 0.234989
5624.000000 0.234815
5625.000000 0.23464
5626.000000 0.234465
5627.000000 0.234291
5628.000000 0.234116
5629.000000 0.233941
5630.000000 0.233767
5631.000000 0.233586
5631.562988 0.233484
5632.000000 0.233383
5633.000000 0.233153
5634.000000 0.232922
5635.000000 0.232692
5636.000000 0.232462
5637.000000 0.232231
5638.000000 0.232001
5639.000000 0.23177
5640.000000 0.23154
5641.000000 0.23131
5641.565430 0.23118
5642.000000 0.231081
5643.000000 0.230855
5644.000000 0.230629
5645.000000 0.230403
5646.000000 0.230177
5647.000000 0.229951
5648.000000 0.229705
5649.000000 0.22948
5650.000000 0.229254
5651.000000 0.229028
5651.567871 0.228899
5652.000000 0.228801
5653.000000 0.228574
5654.000000 0.228346
5655.000000 0.228119
5656.000000 0.227891
5657.000000 0.227664
5658.000000 0.227437
5659.000000 0.227209
5660.000000 0.226982
5661.000000 0.226755
5661.570801 0.226625
5662.000000 0.226517
5663.000000 0.226265
5664.000000 0.226013
5665.000000 0.225761
5666.000000 0.22551
5667.000000 0.225258
5668.000000 0.225006
5669.000000 0.224754
5670.000000 0.224503
5671.000000 0.224232
5671.573730 0.224087
5672.000000 0.223994
5673.000000 0.223776
5674.000000 0.223557
5675.000000 0.223339
5676.000000 0.22312
5677.000000 0.222902
5678.000000 0.222684
5679.000000 0.222465
5680.000000 0.222247
5681.000000 0.222029
5681.576172 0.221903
5682.000000 0.221804
5683.000000 0.221571
5684.000000 0.221338
5685.000000 0.221105
5686.000000 0.220872
5687.000000 0.220639
5688.000000 0.220406
5689.000000 0.220173
5690.000000 0.21994
5691.000000 0.219707
5691.578613 0.219561
5692.000000 0.219444
5693.000000 0.219185
5694.000000 0.218926
5695.000000 0.218667
5696.000000 0.218408
5697.000000 0.218149
5698.000000 0.21789
5699.000000 0.217631
5700.000000 0.217372
5701.000000 0.217113
5701.581543 0.216963
5702.000000 0.216859
5703.000000 0.216611
5704.000000 0.216363
5705.000000 0.216116
5706.000000 0.215868
5707.000000 0.21562
5708.000000 0.215372
5709.000000 0.215124
5710.000000 0.214877
5711.000000 0.214611
5711.583984 0.214466
5712.000000 0.214362
5713.000000 0.214111
5714.000000 0.21386
5715.000000 0.21361
5716.000000 0.213359
5717.000000 0.213108
5718.000000 0.212858
5719.000000 0.212607
5720.000000 0.212356
5721.000000 0.212106
5721.586914 0.211959
5722.000000 0.211846
5723.000000 0.211573
5724.000000 0.2113
5725.000000 0.211027
5726.000000 0.210754
5727.000000 0.210481
5728.000000 0.210208
5729.000000 0.209917
5730.000000 0.209644
5731.000000 0.209372
5731.589355 0.209211
5732.000000 0.20912
5733.000000 0.208898
5734.000000 0.208677
5735.000000 0.208456
5736.000000 0.208234
5737.000000 0.208013
5738.000000 0.207792
5739.000000 0.207571
5740.000000 0.207349
5741.000000 0.207128
5741.592285 0.206997
5742.000000 0.206886
5743.000000 0.206612
5744.000000 0.206339
5745.000000 0.206065
5746.000000 0.205792
5747.000000 0.205501
5748.000000 0.205227
5749.000000 0.204954
5750.000000 0.204681
5751.000000 0.204408
5751.594727 0.204245
5752.000000 0.204144
5753.000000 0.203894
5754.000000 0.203644
5755.000000 0.203394
5756.000000 0.203144
5757.000000 0.202894
5758.000000 0.202644
5759.000000 0.202394
5760.000000 0.202145
5761.000000 0.201895
5761.597656 0.201746
5762.000000 0.201632
5763.000000 0.201333
5764.000000 0.201052
5765.000000 0.20077
5766.000000 0.200489
5767.000000 0.200207
5768.000000 0.199925
5769.000000 0.199644
5770.000000 0.199362
5771.000000 0.199081
5771.600098 0.198912
5772.000000 0.198816
5773.000000 0.198575
5774.000000 0.198335
5775.000000 0.198095
5776.000000 0.197854
5777.000000 0.197614
5778.000000 0.197373
5779.000000 0.197116
5780.000000 0.196876
5781.000000 0.196636
5781.603027 0.196491
5782.000000 0.196386
5783.000000 0.196123
5784.000000 0.195859
5785.000000 0.195595
5786.000000 0.195332
5787.000000 0.195068
5788.000000 0.194805
5789.000000 0.194541
5790.000000 0.194278
5791.000000 0.194014
5791.605469 0.193855
5792.000000 0.193754
5793.000000 0.193498
5794.000000 0.193225
5795.000000 0.192969
5796.000000 0.192713
5797.000000 0.192458
5798.000000 0.192202
5799.000000 0.191946
5800.000000 0.19169
5801.000000 0.191434
5801.608398 0.191279
5802.000000 0.191174
5803.000000 0.190906
5804.000000 0.190638
5805.000000 0.19037
5806.000000 0.190102
5807.000000 0.189834
5808.000000 0.189566
5809.000000 0.189282
5810.000000 0.189015
5811.000000 0.188747
5811.610840 0.188583
5812.000000 0.188477
5813.000000 0.188204
5814.000000 0.187931
5815.000000 0.187657
5816.000000 0.187384
5817.000000 0.187111
5818.000000 0.186838
5819.000000 0.186565
5820.000000 0.186292
5821.000000 0.186019
5821.613770 0.185851
5822.000000 0.185757
5823.000000 0.185499
5824.000000 0.185257
5825.000000 0.185015
5826.000000 0.184773
5827.000000 0.18453
5828.000000 0.184288
5829.000000 0.184046
5830.000000 0.183804
5831.000000 0.183565
5831.616211 0.183417
5832.000000 0.183311
5833.000000 0.183035
5834.000000 0.182759
5835.000000 0.182483
5836.000000 0.182207
5837.000000 0.181915
5838.000000 0.181639
5839.000000 0.181363
5840.000000 0.181087
5841.000000 0.180811
5841.619141 0.180641
5842.000000 0.180541
5843.000000 0.180279
5844.000000 0.180018
5845.000000 0.179756
5846.000000 0.179495
5847.000000 0.179233
5848.000000 0.178971
5849.000000 0.17871
5850.000000 0.178433
5851.000000 0.178172
5851.621582 0.17801
5852.000000 0.177913
5853.000000 0.177659
5854.000000 0.177404
5855.000000 0.17715
5856.000000 0.176896
5857.000000 0.176641
5858.000000 0.176387
5859.000000 0.176133
5860.000000 0.175878
5861.000000 0.175624
5861.624512 0.175465
5862.000000 0.175366
5863.000000 0.175085
5864.000000 0.17482
5865.000000 0.174555
5866.000000 0.174289
5867.000000 0.174024
5868.000000 0.173759
5869.000000 0.173493
5870.000000 0.173228
5871.000000 0.172963
5871.626953 0.172797
5872.000000 0.172701
5873.000000 0.172445
5874.000000 0.172188
5875.000000 0.171932
5876.000000 0.171661
5877.000000 0.171405
5878.000000 0.171148
5879.000000 0.170892
5880.000000 0.170636
5881.000000 0.17038
5881.629883 0.170218
5882.000000 0.170114
5883.000000 0.16983
5884.000000 0.169547
5885.000000 0.169264
5886.000000 0.168981
5887.000000 0.168698
5888.000000 0.168401
5889.000000 0.168118
5890.000000 0.167835
5891.000000 0.167552
5891.632324 0.167373
5892.000000 0.167281
5893.000000 0.167031
5894.000000 0.16678
5895.000000 0.16653
5896.000000 0.166279
5897.000000 0.166029
5898.000000 0.165779
5899.000000 0.165528
5900.000000 0.165264
5901.000000 0.165014
5901.634766 0.164855
5902.000000 0.164753
5903.000000 0.164476
5904.000000 0.164198
5905.000000 0.163921
5906.000000 0.163643
5907.000000 0.163365
5908.000000 0.163088
5909.000000 0.16281
5910.000000 0.162533
5911.000000 0.162241
5911.637695 0.162064
5912.000000 0.161964
5913.000000 0.161687
5914.000000 0.161409
5915.000000 0.161132
5916.000000 0.160854
5917.000000 0.160577
5918.000000 0.1603
5919.000000 0.160023
5920.000000 0.159745
5921.000000 0.159468
5921.640625 0.159291
5922.000000 0.159195
5923.000000 0.158916
5924.000000 0.158651
5925.000000 0.158385
5926.000000 0.15812
5927.000000 0.157855
5928.000000 0.157589
5929.000000 0.157324
5930.000000 0.157059
5931.000000 0.156793
5931.643066 0.156623
5932.000000 0.156524
5933.000000 0.156246
5934.000000 0.155956
5935.000000 0.155678
5936.000000 0.155401
5937.000000 0.155123
5938.000000 0.154846
5939.000000 0.154569
5940.000000 0.154291
5941.000000 0.154014
5941.645508 0.153835
5942.000000 0.153739
5943.000000 0.153469
5944.000000 0.153199
5945.000000 0.152917
5946.000000 0.152647
5947.000000 0.152377
5948.000000 0.152107
5949.000000 0.151837
5950.000000 0.151568
5951.000000 0.151298
5951.648438 0.151123
5952.000000 0.15102
5953.000000 0.150727
5954.000000 0.150434
5955.000000 0.150141
5956.000000 0.149835
5957.000000 0.149542
5958.000000 0.149249
5959.000000 0.148956
5960.000000 0.148663
5961.000000 0.148371
5961.650879 0.14818
5962.000000 0.148086
5963.000000 0.147819
5964.000000 0.147551
5965.000000 0.147283
5966.000000 0.147002
5967.000000 0.146734
5968.000000 0.146466
5969.000000 0.146199
5970.000000 0.145931
5971.000000 0.145663
5971.653809 0.145488
5972.000000 0.145389
5973.000000 0.145105
5974.000000 0.14482
5975.000000 0.144536
5976.000000 0.144239
5977.000000 0.143955
5978.000000 0.14367
5979.000000 0.143386
5980.000000 0.143101
5981.000000 0.142817
5981.656738 0.14263
5982.000000 0.142534
5983.000000 0.142252
5984.000000 0.14197
5985.000000 0.141688
5986.000000 0.141406
5987.000000 0.141113
5988.000000 0.140831
5989.000000 0.140549
5990.000000 0.140268
5991.000000 0.139986
5991.659180 0.1398
5992.000000 0.139702
5993.000000 0.139414
5994.000000 0.139125
5995.000000 0.138837
5996.000000 0.138548
5997.000000 0.138248
5998.000000 0.13796
5999.000000 0.137672
6000.000000 0.137383
6001.000000 0.137105
6001.661621 0.136921
6002.000000 0.136827
6003.000000 0.136547
6004.000000 0.136267
6005.000000 0.135987
6006.000000 0.135695
6007.000000 0.135415
6008.000000 0.135135
6009.000000 0.134855
6010.000000 0.134575
6011.000000 0.134295
6011.664551 0.134109
6012.000000 0.134016
6013.000000 0.133738
6014.000000 0.13346
6015.000000 0.133182
6016.000000 0.132892
6017.000000 0.132614
6018.000000 0.132336
6019.000000 0.132058
6020.000000 0.13178
6021.000000 0.131502
6021.666992 0.131316
6022.000000 0.131223
6023.000000 0.130945
6024.000000 0.130667
6025.000000 0.130377
6026.000000 0.130099
6027.000000 0.129821
6028.000000 0.129542
6029.000000 0.129264
6030.000000 0.128985
6031.000000 0.128705
6031.669922 0.128518
6032.000000 0.128425
6033.000000 0.128143
6034.000000 0.127862
6035.000000 0.127569
6036.000000 0.127288
6037.000000 0.127006
6038.000000 0.126724
6039.000000 0.126443
6040.000000 0.126161
6041.000000 0.125879
6041.672363 0.12569
6042.000000 0.125595
6043.000000 0.125308
6044.000000 0.125009
6045.000000 0.124722
6046.000000 0.124434
6047.000000 0.124146
6048.000000 0.123858
6049.000000 0.12357
6050.000000 0.123282
6051.000000 0.122995
6051.675293 0.1228
6052.000000 0.122713
6053.000000 0.122435
6054.000000 0.122166
6055.000000 0.121898
6056.000000 0.12163
6057.000000 0.121362
6058.000000 0.121093
6059.000000 0.120825
6060.000000 0.120557
6061.000000 0.120289
6061.677734 0.1201
6062.000000 0.120004
6063.000000 0.119715
6064.000000 0.119427
6065.000000 0.119139
6066.000000 0.11885
6067.000000 0.118562
6068.000000 0.118273
6069.000000 0.117985
6070.000000 0.117696
6071.000000 0.117398
6071.680664 0.117202
6072.000000 0.117106
6073.000000 0.116808
6074.000000 0.116509
6075.000000 0.116211
6076.000000 0.115912
6077.000000 0.115613
6078.000000 0.115315
6079.000000 0.115016
6080.000000 0.114707
6081.000000 0.114409
6081.683105 0.114205
6082.000000 0.114115
6083.000000 0.113832
6084.000000 0.113549
6085.000000 0.113266
6086.000000 0.112984
6087.000000 0.112701
6088.000000 0.112408
6089.000000 0.112125
6090.000000 0.111842
6091.000000 0.111559
6091.686035 0.111365
6092.000000 0.111275
6093.000000 0.110987
6094.000000 0.1107
6095.000000 0.110412
6096.000000 0.110124
6097.000000 0.109827
6098.000000 0.109539
6099.000000 0.109251
6100.000000 0.108964
6101.000000 0.108676
6101.688477 0.108478
6102.000000 0.108392
6103.000000 0.108115
6104.000000 0.107839
6105.000000 0.107554
6106.000000 0.107277
6107.000000 0.107001
6108.000000 0.106725
6109.000000 0.106448
6110.000000 0.106172
6111.000000 0.105896
6111.691406 0.105705
6112.000000 0.105617
6113.000000 0.105333
6114.000000 0.10504
6115.000000 0.104755
6116.000000 0.104471
6117.000000 0.104187
6118.000000 0.103902
6119.000000 0.103618
6120.000000 0.103334
6121.000000 0.103049
6121.693848 0.102846
6122.000000 0.102757
6123.000000 0.102475
6124.000000 0.102194
6125.000000 0.101913
6126.000000 0.101631
6127.000000 0.10135
6128.000000 0.101068
6129.000000 0.100786
6130.000000 0.100496
6131.000000 0.100215
6131.696777 0.100018
6132.000000 0.0999366
6133.000000 0.0996665
6134.000000 0.0993965
6135.000000 0.0991265
6136.000000 0.0988564
6137.000000 0.0985863
6138.000000 0.0983078
6139.000000 0.0980377
6140.000000 0.0977676
6141.000000 0.0974974
6141.699219 0.0973086
6142.000000 0.0972269
6143.000000 0.0969554
6144.000000 0.0966839
6145.000000 0.0964123
6146.000000 0.0961326
6147.000000 0.095861
6148.000000 0.0955894
6149.000000 0.0953178
6150.000000 0.0950462
6151.000000 0.0947746
6151.702148 0.0945838
6152.000000 0.0945004
6153.000000 0.0942202
6154.000000 0.093932
6155.000000 0.0936518
6156.000000 0.0933716
6157.000000 0.0930913
6158.000000 0.0928111
6159.000000 0.0925308
6160.000000 0.0922505
6161.000000 0.0919702
6161.704590 0.0917671
6162.000000 0.0916863
6163.000000 0.0914204
6164.000000 0.0911545
6165.000000 0.0908885
6166.000000 0.0906226
6167.000000 0.0903566
6168.000000 0.0900907
6169.000000 0.089817
6170.000000 0.089551
6171.000000 0.089285
6171.707520 0.0890968
6172.000000 0.0890224
6173.000000 0.0887679
6174.000000 0.0885134
6175.000000 0.0882588
6176.000000 0.0880043
6177.000000 0.0877423
6178.000000 0.0874877
6179.000000 0.0872331
6180.000000 0.0869785
6181.000000 0.0867239
6181.709961 0.0865431
6182.000000 0.0864682
6183.000000 0.0862096
6184.000000 0.0859511
6185.000000 0.0856852
6186.000000 0.0854266
6187.000000 0.085168
6188.000000 0.0849094
6189.000000 0.0846508
6190.000000 0.0843921
6191.000000 0.0841334
6191.712891 0.0839439
6192.000000 0.0838677
6193.000000 0.0836093
6194.000000 0.083351
6195.000000 0.0830926
6196.000000 0.0828342
6197.000000 0.0825758
6198.000000 0.0823174
6199.000000 0.082059
6200.000000 0.0817935
6201.000000 0.0815351
6201.715332 0.0813502
6202.000000 0.0812785
6203.000000 0.0810266
6204.000000 0.0807748
6205.000000 0.0805229
6206.000000 0.080271
6207.000000 0.0800123
6208.000000 0.0797604
6209.000000 0.0795085
6210.000000 0.0792565
6211.000000 0.0790046
6211.718262 0.0788236
6212.000000 0.0787554
6213.000000 0.0785135
6214.000000 0.0782648
6215.000000 0.0780228
6216.000000 0.0777807
6217.000000 0.0775387
6218.000000 0.0772967
6219.000000 0.0770546
6220.000000 0.0768125
6221.000000 0.0765639
6221.720703 0.0763894
6222.000000 0.0763231
6223.000000 0.0760855
6224.000000 0.0758479
6225.000000 0.0756102
6226.000000 0.0753726
6227.000000 0.075135
6228.000000 0.0748973
6229.000000 0.0746532
6230.000000 0.0744156
6231.000000 0.0741784
6231.723633 0.0740067
6232.000000 0.0739409
6233.000000 0.0737026
6234.000000 0.0734643
6235.000000 0.0732259
6236.000000 0.0729814
6237.000000 0.072743
6238.000000 0.0725047
6239.000000 0.0722663
6240.000000 0.0720279
6241.000000 0.0717894
6241.726074 0.0716163
6242.000000 0.0715524
6243.000000 0.0713132
6244.000000 0.0710801
6245.000000 0.070847
6246.000000 0.0706139
6247.000000 0.0703808
6248.000000 0.0701476
6249.000000 0.0699144
6250.000000 0.0696752
6251.000000 0.069442
6251.729004 0.069272
6252.000000 0.0692124
6253.000000 0.0689926
6254.000000 0.0687728
6255.000000 0.068553
6256.000000 0.0683331
6257.000000 0.0681074
6258.000000 0.0678876
6259.000000 0.0676677
6260.000000 0.0674478
6261.000000 0.0672278
6261.731445 0.0670669
6262.000000 0.0670088
6263.000000 0.0667924
6264.000000 0.0665703
6265.000000 0.0663539
6266.000000 0.0661374
6267.000000 0.0659209
6268.000000 0.0657045
6269.000000 0.065488
6270.000000 0.0652659
6271.000000 0.0650493
6271.734375 0.0648903
6272.000000 0.064832
6273.000000 0.0646123
6274.000000 0.0643926
6275.000000 0.0641728
6276.000000 0.0639531
6277.000000 0.0637279
6278.000000 0.0635081
6279.000000 0.0632884
6280.000000 0.0630686
6281.000000 0.0628488
6281.736816 0.0626868
6282.000000 0.0626338
6283.000000 0.0624325
6284.000000 0.0622258
6285.000000 0.0620245
6286.000000 0.0618231
6287.000000 0.0616217
6288.000000 0.0614203
6289.000000 0.0612189
6290.000000 0.0610175
6291.000000 0.0608109
6291.739746 0.0606618
6292.000000 0.0606087
6293.000000 0.0604046
6294.000000 0.0602005
6295.000000 0.0599963
6296.000000 0.0597922
6297.000000 0.0595829
6298.000000 0.0593788
6299.000000 0.0591746
6300.000000 0.0589704
6301.000000 0.0587661
6301.742188 0.0586145
6302.000000 0.0585649
6303.000000 0.0583721
6304.000000 0.0581744
6305.000000 0.0579816
6306.000000 0.0577888
6307.000000 0.057596
6308.000000 0.0574032
6309.000000 0.0572104
6310.000000 0.0570127
6311.000000 0.0568198
6311.745117 0.0566761
6312.000000 0.0566261
6313.000000 0.05643
6314.000000 0.0562338
6315.000000 0.0560376
6316.000000 0.0558414
6317.000000 0.0556405
6318.000000 0.0554443
6319.000000 0.0552481
6320.000000 0.0550518
6321.000000 0.0548556
6321.747559 0.0547088
6322.000000 0.0546624
6323.000000 0.054474
6324.000000 0.0542903
6325.000000 0.0541065
6326.000000 0.0539227
6327.000000 0.0537389
6328.000000 0.0535551
6329.000000 0.0533667
6330.000000 0.0531829
6331.000000 0.0529991
6331.750488 0.0528611
6332.000000 0.0528166
6333.000000 0.0526386
6334.000000 0.0524605
6335.000000 0.0522824
6336.000000 0.0520998
6337.000000 0.0519217
6338.000000 0.0517435
6339.000000 0.0515654
6340.000000 0.0513872
6341.000000 0.051209
6341.752930 0.0510716
6342.000000 0.0510255
6343.000000 0.0508435
6344.000000 0.0506615
6345.000000 0.0504795
6346.000000 0.0502975
6347.000000 0.0501155
6348.000000 0.0499292
6349.000000 0.0497471
6350.000000 0.0495651
6351.000000 0.049383
6351.755859 0.0492453
6352.000000 0.0492036
6353.000000 0.0490326
6354.000000 0.0488616
6355.000000 0.0486864
6356.000000 0.0485154
6357.000000 0.0483443
6358.000000 0.0481733
6359.000000 0.0480022
6360.000000 0.0478312
6361.000000 0.047656
6361.758301 0.0475262
6362.000000 0.047486
6363.000000 0.0473192
6364.000000 0.0471525
6365.000000 0.0469857
6366.000000 0.046819
6367.000000 0.0466482
6368.000000 0.0464815
6369.000000 0.0463147
6370.000000 0.0461479
6371.000000 0.0459811
6371.761230 0.0458541
6372.000000 0.0458163
6373.000000 0.0456541
6374.000000 0.0454958
6375.000000 0.0453375
6376.000000 0.0451793
6377.000000 0.045021
6378.000000 0.0448626
6379.000000 0.0447005
6380.000000 0.0445422
6381.000000 0.0443838
6381.763672 0.0442629
6382.000000 0.0442252
6383.000000 0.0440659
6384.000000 0.0439066
6385.000000 0.0437435
6386.000000 0.0435842
6387.000000 0.0434248
6388.000000 0.0432654
6389.000000 0.0431061
6390.000000 0.0429467
6391.000000 0.0427836
6391.766602 0.0426614
6392.000000 0.0426266
6393.000000 0.0424777
6394.000000 0.0423287
6395.000000 0.0421797
6396.000000 0.0420308
6397.000000 0.0418782
6398.000000 0.0417292
6399.000000 0.0415802
6400.000000 0.0414312
6401.000000 0.0412822
6401.769043 0.0411675
6402.000000 0.0411327
6403.000000 0.0409786
6404.000000 0.0408279
6405.000000 0.0406772
6406.000000 0.0405265
6407.000000 0.0403758
6408.000000 0.0402251
6409.000000 0.040071
6410.000000 0.0399203
6411.000000 0.0397695
6411.771973 0.0396531
6412.000000 0.039621
6413.000000 0.0394803
6414.000000 0.0393396
6415.000000 0.0391956
6416.000000 0.0390548
6417.000000 0.0389141
6418.000000 0.0387734
6419.000000 0.0386326
6420.000000 0.0384886
6421.000000 0.0383478
6421.774414 0.0382388
6422.000000 0.0382068
6423.000000 0.0380651
6424.000000 0.0379233
6425.000000 0.0377815
6426.000000 0.0376365
6427.000000 0.0374947
6428.000000 0.0373529
6429.000000 0.0372111
6430.000000 0.0370693
6431.000000 0.0369268
6431.777344 0.0368136
6432.000000 0.0367818
6433.000000 0.0366426
6434.000000 0.0365033
6435.000000 0.036364
6436.000000 0.0362247
6437.000000 0.0360854
6438.000000 0.0359431
6439.000000 0.0358038
6440.000000 0.0356645
6441.000000 0.0355252
6441.779785 0.0354166
6442.000000 0.0353886
6443.000000 0.0352587
6444.000000 0.0351318
6445.000000 0.0350049
6446.000000 0.034878
6447.000000 0.0347511
6448.000000 0.0346242
6449.000000 0.0344943
6450.000000 0.0343674
6451.000000 0.0342405
6451.782715 0.0341411
6452.000000 0.0341133
6453.000000 0.0339851
6454.000000 0.0338569
6455.000000 0.0337259
6456.000000 0.0335977
6457.000000 0.0334695
6458.000000 0.0333414
6459.000000 0.0332132
6460.000000 0.0330822
6461.000000 0.032954
6461.785156 0.0328534
6462.000000 0.0328266
6463.000000 0.0327018
6464.000000 0.032577
6465.000000 0.0324523
6466.000000 0.0323247
6467.000000 0.0322
6468.000000 0.0320752
6469.000000 0.0319504
6470.000000 0.0318257
6471.000000 0.0316981
6471.788086 0.0315998
6472.000000 0.0315738
6473.000000 0.0314513
6474.000000 0.0313287
6475.000000 0.0312061
6476.000000 0.0310836
6477.000000 0.0309583
6478.000000 0.0308358
6479.000000 0.0307132
6480.000000 0.0305907
6481.000000 0.0304681
6481.790527 0.0303691
6482.000000 0.0303441
6483.000000 0.0302275
6484.000000 0.0301109
6485.000000 0.0299944
6486.000000 0.0298778
6487.000000 0.0297612
6488.000000 0.0296421
6489.000000 0.0295255
6490.000000 0.0294089
6491.000000 0.0292923
6491.793457 0.0291998
6492.000000 0.0291761
6493.000000 0.0290587
6494.000000 0.0289438
6495.000000 0.028829
6496.000000 0.0287141
6497.000000 0.0285993
6498.000000 0.0284844
6499.000000 0.0283671
6500.000000 0.0282522
6501.000000 0.0281328
6501.795898 0.0280378
6502.000000 0.0280143
6503.000000 0.0278993
6504.000000 0.027782
6505.000000 0.027667
6506.000000 0.0275522
6507.000000 0.0274373
6508.000000 0.0273225
6509.000000 0.0272054
6510.000000 0.0270906
6511.000000 0.0269759
6511.798828 0.0268843
6512.000000 0.0268617
6513.000000 0.0267494
6514.000000 0.0266371
6515.000000 0.0265226
6516.000000 0.0264104
6517.000000 0.0262982
6518.000000 0.0261861
6519.000000 0.026074
6520.000000 0.0259597
6521.000000 0.0258476
6521.801270 0.0257579
6522.000000 0.0257363
6523.000000 0.0256276
6524.000000 0.025519
6525.000000 0.0254082
6526.000000 0.0252997
6527.000000 0.0251912
6528.000000 0.0250827
6529.000000 0.0249743
6530.000000 0.0248659
6531.000000 0.0247554
6531.804199 0.0246682
6532.000000 0.0246481
6533.000000 0.024545
6534.000000 0.024442
6535.000000 0.024339
6536.000000 0.0242339
6537.000000 0.024131
6538.000000 0.0240281
6539.000000 0.0239253
6540.000000 0.0238224
6541.000000 0.0237176
6541.806641 0.0236347
6542.000000 0.0236149
6543.000000 0.0235123
6544.000000 0.0234098
6545.000000 0.0233073
6546.000000 0.0232028
6547.000000 0.0231004
6548.000000 0.022998
6549.000000 0.0228957
6550.000000 0.0227934
6551.000000 0.0226891
6551.809570 0.0226063
6552.000000 0.0225873
6553.000000 0.0224876
6554.000000 0.022388
6555.000000 0.0222883
6556.000000 0.0221868
6557.000000 0.0220873
6558.000000 0.0219877
6559.000000 0.0218882
6560.000000 0.0217888
6561.000000 0.0216874
6561.812012 0.0216067
6562.000000 0.0215889
6563.000000 0.0214944
6564.000000 0.0213999
6565.000000 0.0213054
6566.000000 0.021211
6567.000000 0.0211148
6568.000000 0.0210204
6569.000000 0.0209261
6570.000000 0.0208318
6571.000000 0.0207375
6571.814941 0.0206592
6572.000000 0.0206423
6573.000000 0.020553
6574.000000 0.0204637
6575.000000 0.0203744
6576.000000 0.0202852
6577.000000 0.0201942
6578.000000 0.020105
6579.000000 0.0200159
6580.000000 0.0199267
6581.000000 0.0198376
6581.817383 0.0197634
6582.000000 0.0197465
6583.000000 0.0196557
6584.000000 0.019565
6585.000000 0.0194742
6586.000000 0.0193835
6587.000000 0.0192912
6588.000000 0.0192006
6589.000000 0.0191099
6590.000000 0.0190194
6591.000000 0.0189288
6591.820312 0.0188532
6592.000000 0.0188373
6593.000000 0.0187504
6594.000000 0.0186635
6595.000000 0.0185767
6596.000000 0.0184898
6597.000000 0.0184015
6598.000000 0.0183147
6599.000000 0.018228
6600.000000 0.0181413
6601.000000 0.0180546
6601.822754 0.017982
6602.000000 0.0179673
6603.000000 0.0178859
6604.000000 0.0178046
6605.000000 0.0177233
6606.000000 0.0176404
6607.000000 0.0175592
6608.000000 0.0174779
6609.000000 0.0173967
6610.000000 0.0173155
6611.000000 0.0172329
6611.825684 0.0171659
6612.000000 0.0171521
6613.000000 0.0170731
6614.000000 0.0169942
6615.000000 0.0169153
6616.000000 0.0168349
6617.000000 0.0167561
6618.000000 0.0166772
6619.000000 0.0165984
6620.000000 0.0165196
6621.000000 0.0164394
6621.828125 0.0163742
6622.000000 0.0163601
6623.000000 0.0162781
6624.000000 0.016196
6625.000000 0.016114
6626.000000 0.0160307
6627.000000 0.0159488
6628.000000 0.0158668
6629.000000 0.015785
6630.000000 0.0157031
6631.000000 0.0156193
6631.831055 0.0155508
6632.000000 0.0155382
6633.000000 0.0154637
6634.000000 0.0153893
6635.000000 0.0153148
6636.000000 0.0152391
6637.000000 0.0151647
6638.000000 0.0150904
6639.000000 0.0150161
6640.000000 0.0149405
6641.000000 0.0148663
6641.833496 0.0148044
6642.000000 0.0147921
6643.000000 0.0147184
6644.000000 0.0146447
6645.000000 0.0145698
6646.000000 0.0144962
6647.000000 0.0144226
6648.000000 0.0143491
6649.000000 0.0142755
6650.000000 0.0142008
6651.000000 0.0141274
6651.836426 0.0140659
6652.000000 0.0140546
6653.000000 0.0139856
6654.000000 0.0139166
6655.000000 0.0138465
6656.000000 0.0137776
6657.000000 0.0137087
6658.000000 0.0136398
6659.000000 0.0135698
6660.000000 0.013501
6661.000000 0.0134322
6661.838867 0.0133745
6662.000000 0.0133635
6663.000000 0.0132954
6664.000000 0.0132262
6665.000000 0.0131581
6666.000000 0.0130901
6667.000000 0.0130221
6668.000000 0.0129542
6669.000000 0.0128851
6670.000000 0.0128172
6671.000000 0.0127493
6671.841797 0.0126922
6672.000000 0.012682
6673.000000 0.0126163
6674.000000 0.0125517
6675.000000 0.0124871
6676.000000 0.0124226
6677.000000 0.0123581
6678.000000 0.0122925
6679.000000 0.012228
6680.000000 0.0121636
6681.000000 0.0120992
6681.844238 0.0120448
6682.000000 0.0120351
6683.000000 0.0119717
6684.000000 0.0119094
6685.000000 0.0118471
6686.000000 0.0117848
6687.000000 0.0117216
6688.000000 0.0116593
6689.000000 0.0115971
6690.000000 0.011535
6691.000000 0.0114728
6691.847168 0.0114193
6692.000000 0.01141
6693.000000 0.0113502
6694.000000 0.0112903
6695.000000 0.0112305
6696.000000 0.0111698
6697.000000 0.01111
6698.000000 0.0110503
6699.000000 0.0109906
6700.000000 0.0109309
6701.000000 0.0108703
6701.849609 0.0108196
6702.000000 0.0108104
6703.000000 0.0107492
6704.000000 0.010688
6705.000000 0.0106259
6706.000000 0.0105648
6707.000000 0.0105037
6708.000000 0.0104426
6709.000000 0.0103815
6710.000000 0.0103196
6711.000000 0.0102586
6711.852539 0.0102066
6712.000000 0.0101986
6713.000000 0.0101443
6714.000000 0.0100892
6715.000000 0.0100349
6716.000000 0.00998073
6717.000000 0.00992654
6718.000000 0.00987237
6719.000000 0.00981738
6720.000000 0.00976326
6721.000000 0.00970916
6721.854980 0.00966292
6722.000000 0.0096556
6723.000000 0.00960436
6724.000000 0.00955396
6725.000000 0.00950359
6726.000000 0.00945324
6727.000000 0.00940291
6728.000000 0.00935179
6729.000000 0.00930151
6730.000000 0.00925124
6731.000000 0.009201
6731.857910 0.00915723
6732.000000 0.00914963
6733.000000 0.00909699
6734.000000 0.00904438
6735.000000 0.00899178
6736.000000 0.00893921
6737.000000 0.00888589
6738.000000 0.00883337
6739.000000 0.00878086
6740.000000 0.00872838
6741.000000 0.00867517
6741.860352 0.00863006
6742.000000 0.0086233
6743.000000 0.00857492
6744.000000 0.00852656
6745.000000 0.00847823
6746.000000 0.00842918
6747.000000 0.00838089
6748.000000 0.00833261
6749.000000 0.00828436
6750.000000 0.00823542
6751.000000 0.0081872
6751.863281 0.0081456
6752.000000 0.00813925
6753.000000 0.00809278
6754.000000 0.00804564
6755.000000 0.00799922
6756.000000 0.00795282
6757.000000 0.00790643
6758.000000 0.00786007
6759.000000 0.00781305
6760.000000 0.00776673
6761.000000 0.00772043
6761.865723 0.00768036
6762.000000 0.00767443
6763.000000 0.00762963
6764.000000 0.00758551
6765.000000 0.0075414
6766.000000 0.00749732
6767.000000 0.00745261
6768.000000 0.00740856
6769.000000 0.00736454
6770.000000 0.00732053
6771.000000 0.00727654
6771.868652 0.0072378
6772.000000 0.00723206
6773.000000 0.00718898
6774.000000 0.00714592
6775.000000 0.00710288
6776.000000 0.00705926
6777.000000 0.00701626
6778.000000 0.00697328
6779.000000 0.00693031
6780.000000 0.00688677
6781.000000 0.00684385
6781.871094 0.00680647
6782.000000 0.00680123
6783.000000 0.00676056
6784.000000 0.0067199
6785.000000 0.00667869
6786.000000 0.00663808
6787.000000 0.00659748
6788.000000 0.0065569
6789.000000 0.00651577
6790.000000 0.00647523
6791.000000 0.0064347
6791.874023 0.00639929
6792.000000 0.00639446
6793.000000 0.00635554
6794.000000 0.00631719
6795.000000 0.00627886
6796.000000 0.00624055
6797.000000 0.00620171
6798.000000 0.00616343
6799.000000 0.00612517
6800.000000 0.00608692
6801.000000 0.00604869
6801.876465 0.00601474
6802.000000 0.00601036
6803.000000 0.00597544
6804.000000 0.00594053
6805.000000 0.00590563
6806.000000 0.00587025
6807.000000 0.00583538
6808.000000 0.00580053
6809.000000 0.0057657
6810.000000 0.00573039
6811.000000 0.00569558
6811.879395 0.00566499
6812.000000 0.00566077
6813.000000 0.00562578
6814.000000 0.00559033
6815.000000 0.00555537
6816.000000 0.00552043
6817.000000 0.0054855
6818.000000 0.00545012
6819.000000 0.00541523
6820.000000 0.00538035
6821.000000 0.00534548
6821.882324 0.00531473
6822.000000 0.00531099
6823.000000 0.00527873
6824.000000 0.00524695
6825.000000 0.00521517
6826.000000 0.00518342
6827.000000 0.00515123
6828.000000 0.0051195
6829.000000 0.00508778
6830.000000 0.00505608
6831.000000 0.00502408
6831.884766 0.00499615
6832.000000 0.00499252
6833.000000 0.00496094
6834.000000 0.00492939
6835.000000 0.00489742
6836.000000 0.00486588
6837.000000 0.00483436
6838.000000 0.00480285
6839.000000 0.00477095
6840.000000 0.00473947
6841.000000 0.004708
6841.887695 0.00468007
6842.000000 0.00467683
6843.000000 0.00464757
6844.000000 0.00461873
6845.000000 0.00458989
6846.000000 0.00456107
6847.000000 0.00453187
6848.000000 0.00450307
6849.000000 0.00447429
6850.000000 0.00444551
6851.000000 0.00441636
6851.890137 0.00439077
6852.000000 0.0043878
6853.000000 0.00436079
6854.000000 0.00433378
6855.000000 0.00430678
6856.000000 0.00427943
6857.000000 0.00425245
6858.000000 0.00422549
6859.000000 0.00419853
6860.000000 0.00417123
6861.000000 0.0041443
6861.892578 0.00412027
6862.000000 0.00411747
6863.000000 0.00409142
6864.000000 0.00406503
6865.000000 0.004039
6866.000000 0.00401298
6867.000000 0.00398697
6868.000000 0.00396063
6869.000000 0.00393464
6870.000000 0.00390867
6871.000000 0.0038827
6871.895508 0.00385916
6872.000000 0.00385652
6873.000000 0.00383165
6874.000000 0.00380678
6875.000000 0.00378193
6876.000000 0.00375676
6877.000000 0.00373193
6878.000000 0.0037071
6879.000000 0.00368229
6880.000000 0.00365717
6881.000000 0.00363238
6881.898438 0.00361011
6882.000000 0.00360778
6883.000000 0.00358485
6884.000000 0.00356162
6885.000000 0.00353871
6886.000000 0.0035158
6887.000000 0.00349291
6888.000000 0.00346972
6889.000000 0.00344685
6890.000000 0.00342398
6891.000000 0.00340113
6891.900879 0.00338028
6892.000000 0.00337812
6893.000000 0.00335665
6894.000000 0.00333518
6895.000000 0.00331372
6896.000000 0.00329199
6897.000000 0.00327055
6898.000000 0.00324912
6899.000000 0.0032277
6900.000000 0.003206
6901.000000 0.0031846
6901.903809 0.00316526
6902.000000 0.00316321
6903.000000 0.00314193
6904.000000 0.00312039
6905.000000 0.00309912
6906.000000 0.00307787
6907.000000 0.00305662
6908.000000 0.00303512
6909.000000 0.00301389
6910.000000 0.00299266
6911.000000 0.00297119
6911.906250 0.00295198
6912.000000 0.00295025
6913.000000 0.00293179
6914.000000 0.00291334
6915.000000 0.00289465
6916.000000 0.00287622
6917.000000 0.00285779
6918.000000 0.00283937
6919.000000 0.00282071
6920.000000 0.00280231
6921.000000 0.00278391
6921.909180 0.0027672
6922.000000 0.00276555
6923.000000 0.00274719
6924.000000 0.00272909
6925.000000 0.00271098
6926.000000 0.00269289
6927.000000 0.00267457
6928.000000 0.00265649
6929.000000 0.00263842
6930.000000 0.00262035
6931.000000 0.00260207
6931.911621 0.00258561
6932.000000 0.00258416
6933.000000 0.00256779
6934.000000 0.00255142
6935.000000 0.00253483
6936.000000 0.00251848
6937.000000 0.00250213
6938.000000 0.00248578
6939.000000 0.00246923
6940.000000 0.0024529
6941.000000 0.00243658
6941.914551 0.00242146
6942.000000 0.00241999
6943.000000 0.00240293
6944.000000 0.00238589
6945.000000 0.00236885
6946.000000 0.00235162
6947.000000 0.0023346
6948.000000 0.00231758
6949.000000 0.00230057
6950.000000 0.00228337
6951.000000 0.00226637
6951.916992 0.00225079
6952.000000 0.00224963
6953.000000 0.00223568
6954.000000 0.00222154
6955.000000 0.0022076
6956.000000 0.00219367
6957.000000 0.00217974
6958.000000 0.00216563
6959.000000 0.00215171
6960.000000 0.0021378
6961.000000 0.00212389
6961.919922 0.00211093
6962.000000 0.00210976
6963.000000 0.00209523
6964.000000 0.00208071
6965.000000 0.00206601
6966.000000 0.00205151
6967.000000 0.002037
6968.000000 0.00202251
6969.000000 0.00200784
6970.000000 0.00199336
6971.000000 0.00197888
6971.922363 0.00196553
6972.000000 0.00196452
6973.000000 0.0019513
6974.000000 0.00193825
6975.000000 0.00192522
6976.000000 0.00191218
6977.000000 0.00189899
6978.000000 0.00188597
6979.000000 0.00187295
6980.000000 0.00185977
6981.000000 0.00184677
6981.925293 0.00183474
6982.000000 0.00183382
6983.000000 0.00182147
6984.000000 0.00180898
6985.000000 0.00179665
6986.000000 0.00178432
6987.000000 0.00177199
6988.000000 0.00175952
6989.000000 0.00174721
6990.000000 0.0017349
6991.000000 0.0017226
6991.927734 0.00171105
6992.000000 0.00171033
6993.000000 0.00170044
6994.000000 0.00169055
6995.000000 0.00168053
6996.000000 0.00167065
6997.000000 0.00166077
6998.000000 0.0016509
6999.000000 0.0016409
7000.000000 0.00163103
7001.000000 0.001621
7001.930664 0.00161166
7002.000000 0.00161086
7003.000000 0.00159916
7004.000000 0.00158761
7005.000000 0.00157606
7006.000000 0.00156439
7007.000000 0.00155286
7008.000000 0.00154133
7009.000000 0.00152981
7010.000000 0.00151817
7011.000000 0.00150667
7011.933105 0.00149594
7012.000000 0.00149526
7013.000000 0.00148507
7014.000000 0.00147475
7015.000000 0.00146457
7016.000000 0.0014544
7017.000000 0.00144411
7018.000000 0.00143395
7019.000000 0.0014238
7020.000000 0.00141365
7021.000000 0.00140339
7021.936035 0.0013939
7022.000000 0.00139329
7023.000000 0.00138368
7024.000000 0.00137407
7025.000000 0.00136436
7026.000000 0.00135476
7027.000000 0.00134518
7028.000000 0.00133548
7029.000000 0.0013259
7030.000000 0.00131633
7031.000000 0.00130673
7031.938477 0.00129761
7032.000000 0.00129708
7033.000000 0.0012887
7034.000000 0.00128032
7035.000000 0.00127195
7036.000000 0.00126347
7037.000000 0.00125511
7038.000000 0.00124676
7039.000000 0.0012383
7040.000000 0.00122996
7041.000000 0.00122162
7041.941406 0.00121378
7042.000000 0.00121325
7043.000000 0.00120423
7044.000000 0.00119532
7045.000000 0.00118641
7046.000000 0.00117751
7047.000000 0.00116852
7048.000000 0.00115963
7049.000000 0.00115075
7050.000000 0.00114177
7051.000000 0.0011329
7051.943848 0.00112454
7052.000000 0.00112414
7053.000000 0.00111713
7054.000000 0.00111002
7055.000000 0.00110302
7056.000000 0.00109602
7057.000000 0.00108893
7058.000000 0.00108194
7059.000000 0.00107496
7060.000000 0.00106798
7061.000000 0.00106091
7061.946777 0.00105431
7062.000000 0.00105388
7063.000000 0.00104587
7064.000000 0.00103777
7065.000000 0.00102977
7066.000000 0.00102178
7067.000000 0.00101379
7068.000000 0.00100572
7069.000000 0.000997736
7070.000000 0.000989762
7071.000000 0.000981709
7071.949219 0.000974151
7072.000000 0.000973809
7073.000000 0.000967072
7074.000000 0.00096034
7075.000000 0.000953529
7076.000000 0.000946806
7077.000000 0.000940088
7078.000000 0.000933374
7079.000000 0.000926584
7080.000000 0.000919879
7081.000000 0.000913179
7081.952148 0.000906729
7082.000000 0.000906456
7083.000000 0.000900829
7084.000000 0.000895205
7085.000000 0.000889585
7086.000000 0.000883892
7087.000000 0.00087828
7088.000000 0.000872672
7089.000000 0.000866992
7090.000000 0.000861392
7091.000000 0.000855795
7091.954590 0.000850457
7092.000000 0.000850171
7093.000000 0.000843802
7094.000000 0.000837511
7095.000000 0.000831225
7096.000000 0.000824871
7097.000000 0.000818593
7098.000000 0.00081232
7099.000000 0.00080605
7100.000000 0.000799716
7101.000000 0.000793455
7101.957520 0.000787465
7102.000000 0.00078727
7103.000000 0.000782609
7104.000000 0.000778019
7105.000000 0.000773433
7106.000000 0.000768849
7107.000000 0.000764203
7108.000000 0.000759626
7109.000000 0.000755051
7110.000000 0.000750415
7111.000000 0.000745848
7111.959961 0.000741466
7112.000000 0.000741211
7113.000000 0.000734846
7114.000000 0.000728422
7115.000000 0.000722066
7116.000000 0.000715715
7117.000000 0.000709306
7118.000000 0.000702963
7119.000000 0.000696624
7120.000000 0.00069023
7121.000000 0.000683901
7121.962891 0.00067781
7122.000000 0.000677697
7123.000000 0.000674645
7124.000000 0.000671537
7125.000000 0.000668489
7126.000000 0.000665444
7127.000000 0.000662343
7128.000000 0.000659301
7129.000000 0.000656262
7130.000000 0.000653225
7131.000000 0.000650133
7131.965332 0.000647205
7132.000000 0.000647029
7133.000000 0.000641959
7134.000000 0.000636837
7135.000000 0.000631774
7136.000000 0.000626715
7137.000000 0.000621659
7138.000000 0.000616553
7139.000000 0.000611504
7140.000000 0.000606458
7141.000000 0.000601364
7141.968262 0.000596485
7142.000000 0.000596365
7143.000000 0.000592568
7144.000000 0.000588723
7145.000000 0.000584932
7146.000000 0.000581144
7147.000000 0.000577358
7148.000000 0.000573524
7149.000000 0.000569743
7150.000000 0.000565965
7151.000000 0.000562141
7151.970703 0.000558479
7152.000000 0.000558368
7153.000000 0.000554598
7154.000000 0.000550831
7155.000000 0.000547018
7156.000000 0.000543256
7157.000000 0.000539496
7158.000000 0.000535692
7159.000000 0.000531938
7160.000000 0.000528186
7161.000000 0.000524391
7161.973633 0.000520743
7162.000000 0.00052066
7163.000000 0.000517506
7164.000000 0.000514354
7165.000000 0.00051116
7166.000000 0.000508013
7167.000000 0.000504868
7168.000000 0.000501681
7169.000000 0.00049854
7170.000000 0.000495401
7171.000000 0.000492221
7171.976074 0.000489162
7172.000000 0.000489065
7173.000000 0.000485026
7174.000000 0.00048099
7175.000000 0.000476915
7176.000000 0.000472884
7177.000000 0.000468857
7178.000000 0.000464791
7179.000000 0.000460769
7180.000000 0.00045675
7181.000000 0.000452694
7181.979004 0.000448764
7182.000000 0.000448713
7183.000000 0.000446264
7184.000000 0.000443817
7185.000000 0.000441334
7186.000000 0.00043889
7187.000000 0.000436448
7188.000000 0.00043397
7189.000000 0.000431532
7190.000000 0.000429095
7191.000000 0.000426622
7191.981934 0.000424233
7192.000000 0.000424175
7193.000000 0.000420965
7194.000000 0.000417756
7195.000000 0.000414514
7196.000000 0.000411311
7197.000000 0.000408109
7198.000000 0.000404875
7199.000000 0.000401678
7200.000000 0.000398483
7201.000000 0.000395256
7201.984375 0.000392115
7202.000000 0.000392077
7203.000000 0.000389641
7204.000000 0.000387172
7205.000000 0.000384739
7206.000000 0.000382307
7207.000000 0.000379877
7208.000000 0.000377416
7209.000000 0.000374989
7210.000000 0.000372564
7211.000000 0.000370109
7211.987305 0.000367718
7212.000000 0.000367685
7213.000000 0.000365096
7214.000000 0.000362478
7215.000000 0.000359892
7216.000000 0.000357309
7217.000000 0.000354727
7218.000000 0.000352116
7219.000000 0.000349538
7220.000000 0.000346961
7221.000000 0.000344356
7221.989746 0.00034181
7222.000000 0.000341782
7223.000000 0.000339091
7224.000000 0.000336372
7225.000000 0.000333685
7226.000000 0.000330999
7227.000000 0.000328287
7228.000000 0.000325605
7229.000000 0.000322925
7230.000000 0.000320247
7231.000000 0.00031753
7231.992676 0.000314863
7232.000000 0.000314849
7233.000000 0.000312955
7234.000000 0.000311035
7235.000000 0.000309144
7236.000000 0.000307255
7237.000000 0.00030534
7238.000000 0.000303453
7239.000000 0.000301568
7240.000000 0.000299658
7241.000000 0.000297775
7241.995117 0.000295903
7242.000000 0.000295895
7243.000000 0.000294085
7244.000000 0.000292303
7245.000000 0.000290521
7246.000000 0.000288741
7247.000000 0.000286938
7248.000000 0.000285161
7249.000000 0.000283385
7250.000000 0.000281586
7251.000000 0.000279813
7251.998047 0.000278044
7252.000000 0.00027804
7253.000000 0.000275961
7254.000000 0.000273906
7255.000000 0.000271854
7256.000000 0.000269779
7257.000000 0.00026773
7258.000000 0.000265682
7259.000000 0.000263613
7260.000000 0.000261569
7261.000000 0.000259526
7262.000000 0.000257484
7262.000488 0.000257483
7263.000000 0.000255777
7264.000000 0.000254094
7265.000000 0.000252411
7266.000000 0.000250709
7267.000000 0.000249029
7268.000000 0.000247351
7269.000000 0.000245653
7270.000000 0.000243977
7271.000000 0.000242303
7272.000000 0.000240609
7272.003418 0.000240603
7273.000000 0.000238937
7274.000000 0.000237266
7275.000000 0.000235576
7276.000000 0.000233909
7277.000000 0.000232242
7278.000000 0.000230556
7279.000000 0.000228892
7280.000000 0.00022723
7281.000000 0.000225568
7282.000000 0.000223888
7282.005859 0.000223878
7283.000000 0.000222509
7284.000000 0.000221133
7285.000000 0.000219739
7286.000000 0.000218364
7287.000000 0.000216991
7288.000000 0.000215601
7289.000000 0.00021423
7290.000000 0.00021286
7291.000000 0.000211472
7292.000000 0.000210105
7292.008789 0.000210093
7293.000000 0.000208182
7294.000000 0.000206237
7295.000000 0.000204312
7296.000000 0.000202389
7297.000000 0.000200449
7298.000000 0.000198529
7299.000000 0.00019661
7300.000000 0.000194676
7301.000000 0.00019276
7302.000000 0.000190845
7302.011230 0.000190824
7303.000000 0.000190337
7304.000000 0.000189828
7305.000000 0.000189336
7306.000000 0.000188845
7307.000000 0.000188337
7308.000000 0.000187846
7309.000000 0.000187356
7310.000000 0.000186849
7311.000000 0.00018636
7312.000000 0.000185871
7312.014160 0.000185863
7313.000000 0.000185207
7314.000000 0.000184557
7315.000000 0.000183909
7316.000000 0.000183244
7317.000000 0.000182596
7318.000000 0.000181949
7319.000000 0.000181286
7320.000000 0.000180639
7321.000000 0.000179993
7322.000000 0.000179332
7322.016602 0.000179322
7323.000000 0.000178031
7324.000000 0.00017672
7325.000000 0.000175395
7326.000000 0.000174086
7327.000000 0.000172777
7328.000000 0.000171455
7329.000000 0.000170149
7330.000000 0.000168844
7331.000000 0.000167526
7332.000000 0.000166223
7332.019531 0.000166197
7333.000000 0.00016516
7334.000000 0.000164088
7335.000000 0.000163032
7336.000000 0.000161976
7337.000000 0.000160907
7338.000000 0.000159853
7339.000000 0.0001588
7340.000000 0.000157747
7341.000000 0.000156682
7342.000000 0.000155631
7342.021973 0.000155608
7343.000000 0.000154569
7344.000000 0.000153494
7345.000000 0.000152433
7346.000000 0.000151373
7347.000000 0.000150301
7348.000000 0.000149243
7349.000000 0.000148186
7350.000000 0.000147116
7351.000000 0.00014606
7352.000000 0.000145005
7352.024902 0.000144979
7353.000000 0.000144155
7354.000000 0.000143323
7355.000000 0.000142491
7356.000000 0.000141648
7357.000000 0.000140818
7358.000000 0.000139988
7359.000000 0.000139147
7360.000000 0.000138319
7361.000000 0.000137491
7362.000000 0.000136652
7362.027344 0.00013663
7363.000000 0.000135883
7364.000000 0.000135117
7365.000000 0.000134339
7366.000000 0.000133573
7367.000000 0.000132808
7368.000000 0.000132032
7369.000000 0.000131268
7370.000000 0.000130505
7371.000000 0.000129731
7372.000000 0.000128969
7372.030273 0.000128946
7373.000000 0.000128085
7374.000000 0.000127186
7375.000000 0.000126299
7376.000000 0.000125413
7377.000000 0.000124516
7378.000000 0.000123631
7379.000000 0.000122747
7380.000000 0.000121853
7381.000000 0.00012097
7382.000000 0.000120088
7382.032715 0.000120058
7383.000000 0.000119204
7384.000000 0.000118331
7385.000000 0.00011746
7386.000000 0.000116578
7387.000000 0.000115708
7388.000000 0.000114838
7389.000000 0.000113959
7390.000000 0.000113091
7391.000000 0.000112223
7392.000000 0.000111346
7392.035645 0.000111315
7393.000000 0.000110688
7394.000000 0.000110038
7395.000000 0.000109379
7396.000000 0.000108731
7397.000000 0.000108082
7398.000000 0.000107425
7399.000000 0.000106778
7400.000000 0.000106131
7401.000000 0.000105475
7402.000000 0.000104829
7402.038086 0.000104805
7403.000000 0.00010414
7404.000000 0.00010344
7405.000000 0.00010275
7406.000000 0.000102061
7407.000000 0.000101363
7408.000000 0.000100675
7409.000000 9.99866e-05
7410.000000 9.92905e-05
7411.000000 9.86037e-05
7412.000000 9.79089e-05
7412.041016 9.78807e-05
7413.000000 9.72976e-05
7414.000000 9.669e-05
7415.000000 9.60744e-05
7416.000000 9.54678e-05
7417.000000 9.48616e-05
7418.000000 9.42476e-05
7419.000000 9.36423e-05
7420.000000 9.30375e-05
7421.000000 9.24251e-05
7422.000000 9.18213e-05
7422.043457 9.17951e-05
7423.000000 9.12414e-05
7424.000000 9.0655e-05
7425.000000 9.00771e-05
7426.000000 8.94995e-05
7427.000000 8.89147e-05
7428.000000 8.8338e-05
7429.000000 8.77618e-05
7430.000000 8.71785e-05
7431.000000 8.66077e-05
7432.000000 8.60373e-05
7432.046387 8.60105e-05
7433.000000 8.54666e-05
7434.000000 8.4904e-05
7435.000000 8.43419e-05
7436.000000 8.37727e-05
7437.000000 8.32113e-05
7438.000000 8.26503e-05
7439.000000 8.20824e-05
7440.000000 8.15222e-05
7441.000000 8.09623e-05
7442.000000 8.03958e-05
7442.049316 8.03682e-05
7443.000000 7.99312e-05
7444.000000 7.94718e-05
7445.000000 7.90058e-05
7446.000000 7.8547e-05
7447.000000 7.80885e-05
7448.000000 7.76235e-05
7449.000000 7.71657e-05
7450.000000 7.67014e-05
7451.000000 7.62443e-05
7452.000000 7.57873e-05
7452.051758 7.57634e-05
7453.000000 7.52156e-05
7454.000000 7.4645e-05
7455.000000 7.40747e-05
7456.000000 7.34984e-05
7457.000000 7.2929e-05
7458.000000 7.23599e-05
7459.000000 7.17848e-05
7460.000000 7.12165e-05
7461.000000 7.06486e-05
7462.000000 7.00749e-05
7462.054688 7.00439e-05
7463.000000 6.96312e-05
7464.000000 6.91948e-05
7465.000000 6.87528e-05
7466.000000 6.83171e-05
7467.000000 6.78817e-05
7468.000000 6.74406e-05
7469.000000 6.70058e-05
7470.000000 6.65712e-05
7471.000000 6.61312e-05
7472.000000 6.56972e-05
7472.057129 6.56721e-05
7473.000000 6.53311e-05
7474.000000 6.49755e-05
7475.000000 6.462e-05
7476.000000 6.42592e-05
7477.000000 6.39043e-05
7478.000000 6.35496e-05
7479.000000 6.31895e-05
7480.000000 6.28353e-05
7481.000000 6.24814e-05
7482.000000 6.21222e-05
7482.060059 6.2101e-05
7483.000000 6.17161e-05
7484.000000 6.1307e-05
7485.000000 6.08927e-05
7486.000000 6.04841e-05
7487.000000 6.00757e-05
7488.000000 5.96624e-05
7489.000000 5.92546e-05
7490.000000 5.88419e-05
7491.000000 5.84348e-05
7492.000000 5.80279e-05
7492.062500 5.80022e-05
7493.000000 5.75954e-05
7494.000000 5.71669e-05
7495.000000 5.67386e-05
7496.000000 5.63057e-05
7497.000000 5.5878e-05
